1|20
260 95
1927 93
804 80
3 83
1009 77
2406 84
1587 78
3671 94
2617 75
3053 90
2571 92
1222 94
2137 88
1377 73
2395 89
2761 89
2641 77
2872 88
1258 97
2700 95
2|6
333 77
122882 77
71535 77
46970 71
58559 82
80489 77
3|8
5764 43
647 42
6835 43
5919 43
2851 41
2288 62
5048 44
4518 46
4|20
106 65
1291 78
3408 66
265 70
52 76
4347 67
2467 79
908 84
345 64
1304 77
1923 70
2959 68
368 68
1219 85
4765 68
1199 77
4166 62
1732 62
21 64
2858 66
5|9
515 76
1 80
364 81
608 90
290 81
261 78
34 78
318 88
21 69
6|20
349 73
318 86
775 71
141 73
348 72
104 73
327 58
410 68
165 76
87 67
366 70
17 72
1084 76
222 72
16 81
416 56
277 66
460 69
867 67
316 66
7|20
8528 61
3623 53
8636 67
8360 72
1517 67
466 61
8373 46
1220 71
7155 62
8808 57
6863 59
31878 62
1610 73
1219 81
4700 62
45668 62
8970 73
27741 68
6333 68
8865 55
8|10
356 84
47 80
231 57
318 86
454 72
292 72
32 75
141 66
380 69
252 67
9|10
5451 62
923 78
5890 65
2901 57
922 81
6044 64
1987 64
5378 67
3735 72
5447 62
10|20
597 64
33679 56
8533 72
8969 56
72720 65
88810 75
136020 60
6377 74
5943 50
109374 74
113394 63
61250 62
82167 55
140110 70
5377 68
77841 63
6942 70
1028 76
72330 63
66203 55
11|13
733 76
1584 81
1210 91
170 73
1438 68
648 79
1918 62
493 78
10 80
457 87
1693 76
150 82
1923 78
12|7
2717 76
2100 82
838 95
2072 80
1876 80
2581 78
6942 96
13|7
3717 71
3624 67
3798 67
2174 75
47 87
3893 74
305 66
14|10
344 55
477 72
110 79
540 60
597 74
153 62
592 67
4 59
539 70
105 69
15|20
91529 70
7438 65
111759 72
2329 78
1 76
1909 64
1240 78
115713 79
1200 83
293 82
2571 75
3949 71
120466 64
1198 81
2028 84
2011 69
158 54
160980 68
4306 69
4022 70
16|20
1230 72
78499 74
913 77
1136 75
1299 74
1617 74
1203 80
3429 76
2858 74
608 77
3683 76
4002 67
1199 78
912 80
2707 62
5782 72
1260 71
319 67
27773 73
2109 68
17|20
260 90
64839 83
296 87
5952 88
527 86
1193 87
3681 88
1240 82
2717 67
2858 82
1093 73
81932 82
5618 88
50 88
5971 84
2959 88
1201 88
541 85
82459 81
1 81
18|20
8117 71
65596 71
88094 71
145283 71
157110 71
166015 71
171023 71
103253 67
60684 79
44199 79
2 72
86628 71
59784 71
2918 80
109374 80
4226 84
53129 80
139385 80
47 80
1291 81
19|20
3692 55
3662 54
54 49
2733 53
1702 48
1240 62
1270 71
3712 54
1881 55
216 55
3 50
1834 64
2184 54
3017 56
2044 50
2354 45
2005 61
3146 43
3387 50
2694 47
20|20
1566 71
5419 65
4014 76
2140 72
586 62
661 76
3189 77
5014 77
1333 76
4161 71
3784 65
1030 64
5313 57
2804 83
2054 63
34 73
1097 81
6358 72
4519 72
1722 66
21|20
107013 64
117922 64
140301 64
57640 66
2985 62
2990 70
2717 57
5418 75
31433 61
112175 72
7153 76
30793 59
4446 66
52973 67
45186 67
2023 69
79185 63
1721 66
102125 68
5459 61
22|20
8961 54
2723 44
60950 55
64575 49
1193 66
70286 53
4993 64
2160 58
39183 44
7147 56
3996 52
3481 59
55765 56
48780 59
7361 65
51540 57
6711 61
2968 55
3949 57
48394 47
23|20
6234 65
3996 70
293 74
1206 76
1136 79
1960 69
7587 67
3424 74
3181 69
2467 69
1248 79
1617 77
6807 75
1952 74
6440 71
1258 75
1243 71
1080 76
8228 68
1711 55
24|20
1784 71
2617 61
111759 76
134853 78
58998 74
1265 76
1198 82
3147 79
1197 81
1220 75
2424 61
5418 74
72011 71
54286 71
27773 77
64957 68
356 81
44191 76
1682 74
68358 76
25|6
58559 99
60069 96
74458 94
79132 96
527 99
260 98
26|21
10 71
34 73
47 79
150 76
153 60
165 71
185 62
208 59
225 70
288 67
296 83
300 71
344 63
349 71
356 82
380 69
434 62
454 72
457 79
592 69
593 83
27|20
1196 81
2478 64
2640 73
3508 85
3555 69
1201 80
3519 66
969 76
2080 75
673 65
2886 60
2529 75
1387 80
1101 72
1947 65
1250 84
1276 81
3114 78
1083 66
3809 69
28|20
27450 58
60943 58
61011 58
63033 58
5617 69
59369 63
60046 58
507 55
3300 66
55094 58
59018 58
26695 58
2951 72
3006 64
2231 68
5418 65
26812 57
2058 54
353 65
61167 58
29|17
98961 85
7379 73
1250 93
1201 90
111362 83
48516 89
1100 62
26554 75
3441 72
4327 80
2872 80
2301 80
1617 90
3681 89
55820 84
4223 79
99114 84
30|7
5952 96
108932 94
1200 93
91529 95
116823 92
112852 97
1198 100
31|10
1198 93
1200 82
648 72
1363 73
1073 82
1036 79
1197 89
377 76
1246 86
1270 85
32|20
236 73
314 76
1356 77
357 69
224 73
627 73
1079 84
1084 85
318 89
761 64
1197 87
849 68
912 83
880 64
1198 89
58 80
203 71
608 88
497 80
410 64
33|20
110 83
17 72
2396 78
2272 71
448 72
428 77
265 78
1280 82
1177 79
1617 88
50 92
261 81
11 74
452 67
345 75
608 78
150 81
1188 73
800 83
2690 73
34|18
780 66
2273 63
3717 63
26606 67
45499 60
3996 70
4310 52
3624 61
31685 64
1721 65
5146 62
7090 84
70 74
2006 75
3000 86
4306 77
27728 63
3997 53
35|5
11 82
185 73
595 86
21 79
300 79
36|12
5171 41
3066 60
552 44
4025 40
1262 59
2735 38
2359 53
1372 54
1278 61
2194 56
3347 59
1704 59
37|5
344 81
356 91
661 76
329 75
457 87
38|16
434 55
39 57
223 72
161 65
246 77
168 61
273 47
480 68
356 76
457 76
364 73
50 74
500 64
300 72
551 64
21 63
39|20
2571 87
2391 81
1921 86
1862 60
1219 86
1907 80
2081 72
2459 74
924 86
2529 87
1729 78
47 88
260 86
2080 69
592 72
296 90
3213 83
610 73
589 78
596 69
40|20
440 79
454 82
588 79
339 72
158 61
432 58
431 84
186 66
616 81
514 76
21 79
592 77
1 85
223 90
585 63
216 76
104 72
371 77
111 88
267 62
41|20
96829 70
64839 61
122882 67
6287 58
1569 67
106920 76
86781 70
3160 58
1721 59
2028 64
6763 50
5418 59
53519 61
122904 65
55247 68
924 62
4011 66
2324 83
35836 61
5995 75
42|20
3869 76
4654 64
1021 60
2423 73
3248 50
4477 58
2500 60
1431 61
195 75
3326 70
2407 76
1090 80
2735 65
3693 69
1020 70
4545 74
4132 68
2263 70
3535 72
2805 61
43|20
225 90
296 99
596 94
588 96
587 93
420 74
158 83
631 83
5 79
597 91
168 91
355 76
47 98
367 92
519 76
594 96
236 91
1 99
60 87
259 88
44|10
36 75
663 80
12 46
661 73
94 75
1 80
104 66
112 71
494 70
889 69
45|20
2718 76
1036 82
2028 91
1653 90
1682 84
2396 83
3249 74
261 83
4308 80
329 73
1367 64
2890 81
593 89
1127 79
2431 72
6377 86
569 73
1197 90
1060 84
2858 90
46|9
590 90
588 84
315 69
208 69
1 87
432 64
225 80
434 72
339 79
47|20
508 65
68932 59
72395 60
2420 56
597 58
148626 65
5989 67
96588 65
69122 68
6155 62
4975 58
30749 68
106100 69
45950 59
2028 69
4018 54
1259 67
6373 59
33166 68
2407 55
48|7
4886 86
1320 76
1527 84
1193 92
3793 82
48 71
1653 90
49|5
2028 89
1214 85
139385 84
318 94
527 90
50|20
8143 53
114335 53
136564 53
142074 53
171759 53
175693 53
179073 53
175707 53
71264 55
82848 53
1377 47
44555 70
8157 55
6807 66
95543 54
8253 51
96610 56
924 64
32875 53
4896 55
51|20
7040 75
5620 74
2613 74
4437 78
2023 74
1500 82
522 79
858 99
4508 80
2951 91
1014 79
1407 76
2282 75
2420 81
3388 65
260 94
3186 67
3994 69
3501 74
2371 82
52|20
152081 91
51255 91
74458 90
1923 85
7438 88
40583 84
59784 83
55765 92
112852 94
86892 84
55363 89
112138 88
49272 92
52245 76
69481 92
50794 76
1704 97
54736 85
44665 89
47200 78
53|5
481 89
1100 81
249 99
1125 97
916 100
54|7
296 70
593 70
639 54
1 65
205 55
161 61
500 56
55|5
2407 49
673 39
3275 69
2890 56
4011 68
56|10
786 69
253 78
165 81
110 86
589 88
370 72
434 69
410 73
69 85
185 68
57|20
2140 68
942 74
920 75
3175 72
1784 71
3429 77
933 79
1193 80
3446 59
160 49
1499 38
2640 76
892 72
11 73
2947 73
6 74
2478 65
2291 72
1688 64
2301 66
58|20
588 84
282 77
185 65
419 69
367 63
277 72
48 74
280 82
337 83
345 78
3 69
357 75
527 93
587 78
218 76
500 78
508 82
368 81
364 91
353 87
59|20
1696 78
6460 93
3489 83
1188 92
1222 92
2076 88
3448 82
1263 88
1247 88
527 92
1244 91
904 97
903 93
965 81
2616 64
1953 84
608 100
105 75
912 99
3471 87
60|5
832 69
58559 81
805 74
455 52
858 84
61|8
266 73
1101 74
7438 83
173 61
555 81
2012 74
4878 85
3949 83
62|20
99114 90
176371 84
3793 80
56757 85
73017 86
30793 74
179819 73
68554 77
185135 80
168248 85
5903 83
4878 91
2028 91
5502 78
6058 71
344 72
1721 78
45499 76
41566 76
78105 67
63|20
5669 73
4246 70
48780 78
500 64
6016 79
31658 73
2858 78
64285 72
85414 69
1221 79
106696 77
4963 78
50 80
1097 72
260 83
110 82
1222 77
4979 70
5952 73
77561 70
64|20
5878 82
3101 66
2640 77
2959 87
8784 80
2054 62
4239 80
4025 62
5026 80
40819 82
266 68
2699 67
27266 77
3969 77
1805 68
6296 81
4776 77
3148 81
4262 80
356 84
65|7
1246 80
33660 81
7458 73
2329 85
4993 84
91542 76
3147 84
66|20
593 88
47 87
5418 82
922 87
2139 81
2956 71
3745 75
1956 85
4581 76
5349 80
1210 86
1094 79
2001 73
380 74
6539 83
671 74
1 82
6378 80
7766 81
296 93
67|8
99114 80
4306 79
27193 74
79132 84
60069 83
2012 71
4886 81
4993 78
68|20
47978 64
95218 64
6534 53
48696 64
67267 67
30825 62
1799 72
3556 67
8622 68
4351 64
63113 67
58295 69
7151 64
2413 65
6287 68
653 56
41566 68
5541 58
260 77
48043 66
69|10
4370 81
4848 93
3671 90
2476 89
1193 95
356 95
553 93
4022 89
260 97
3994 85
70|13
1193 90
1097 84
1914 78
1269 86
4995 88
318 94
8949 84
1968 85
1210 90
89492 87
1250 89
1235 92
2366 82
71|7
494 81
647 79
736 74
95 66
733 77
589 84
7 59
72|9
1047 73
150 81
858 92
2490 79
1357 85
260 89
50 91
1198 91
1196 89
73|20
1193 84
45720 77
105037 67
6333 79
59315 76
76293 67
138204 73
2706 76
152081 77
45221 62
68135 70
150 80
8376 81
93510 83
59784 65
116823 76
106072 70
1682 80
52245 64
35836 72
74|20
31522 79
2594 82
2908 89
30749 88
6870 84
3006 85
52281 84
49772 81
55118 87
2997 89
6305 84
608 93
4546 84
41863 83
27773 91
6001 84
1251 89
6552 84
46976 87
44555 94
75|14
5445 67
1240 74
5952 75
2193 58
6870 64
2529 71
168 51
541 71
3176 56
1962 64
2078 68
1889 66
1266 70
1374 71
76|20
48877 55
5956 61
2918 57
58803 58
1247 63
74458 76
7669 65
79132 64
8957 53
858 71
55820 71
1258 70
63436 50
1201 69
1208 69
48 34
288 55
34405 64
1 59
1196 70
77|6
3996 76
4973 86
7361 77
8636 81
3578 77
33794 79
78|13
296 76
165 70
3809 58
589 77
546 43
27904 70
260 77
590 67
480 69
68791 62
344 61
44974 71
380 67
79|13
3266 91
3029 77
589 85
1916 83
307 93
4005 79
260 95
1189 86
1345 81
2000 83
1374 83
2659 78
2076 84
80|20
7445 84
96691 81
84189 81
91630 84
49530 86
8950 89
6539 87
4223 87
5630 82
3527 85
76251 85
80363 76
52604 85
6502 90
34048 78
1221 93
60684 89
6952 74
5989 90
77561 81
81|26
10 71
32 80
47 79
110 79
150 76
153 60
161 73
165 71
208 59
231 63
288 67
296 83
316 67
318 87
329 67
344 63
356 82
364 79
367 66
377 71
380 69
457 79
480 74
588 75
589 79
592 69
82|20
6886 69
2381 60
2378 67
6566 66
368 71
6536 70
3253 74
4310 62
1608 68
1372 66
145 64
356 81
6708 71
1485 63
4369 62
6564 56
6888 49
5803 57
4015 58
364 74
83|20
56367 68
7143 67
7323 67
6539 63
161 61
586 53
2115 63
1270 67
6874 70
2324 77
1537 66
7153 70
68954 74
48774 63
30749 72
8014 68
1222 78
3753 63
1223 75
64983 57
84|20
55 71
987 71
912 87
1096 75
420 59
1227 83
113 68
580 65
5060 79
1293 79
900 74
1097 79
62 74
368 74
1305 72
1247 78
1296 78
11 76
1073 81
1094 70
85|7
1519 71
1624 69
1140 71
1694 61
1643 73
1747 75
1635 78
86|14
4993 84
4310 70
6947 78
2411 63
457 83
5418 79
3996 80
4901 74
1835 75
33794 80
1196 86
3555 73
1097 78
2687 72
87|5
4023 67
2009 76
3504 84
671 72
2139 79
88|12
7312 74
74795 73
4993 90
68157 87
5952 88
1193 89
223 85
8665 81
4262 82
56782 91
8677 72
58559 91
89|104
26645 67
32060 67
44851 67
53280 67
53578 67
67888 67
69211 67
81087 67
84246 67
103602 67
108078 67
109596 67
118894 67
121007 67
128089 67
128944 67
131098 67
131439 67
134847 67
140481 67
146684 67
148632 67
150554 67
164226 67
30793 59
169912 64
87869 72
1923 64
4015 61
950 77
173253 67
2324 85
27826 67
92259 74
11 72
3977 65
86298 69
8154 74
77688 67
2997 69
170837 67
49274 59
157775 67
1 69
142196 67
99117 63
62008 67
72624 67
108156 65
3752 65
2059 59
128520 74
3175 74
133879 67
48649 67
126088 67
5529 68
65588 67
99130 67
40962 64
1732 80
68659 63
91666 67
2683 55
3751 63
750 81
6650 72
149508 67
2395 61
51575 65
65230 59
171751 67
85881 71
139157 67
6863 63
4246 75
108949 66
1230 74
160567 70
73319 63
177185 67
130520 71
5220 67
121338 67
153386 67
50872 70
149566 67
145491 67
4890 57
129354 63
32243 67
84944 75
6402 67
1288 80
140133 67
119141 59
947 80
176621 67
4973 77
158398 67
69469 67
54503 75
141928 67
102481 69
90|11
1137 78
1144 78
581 84
81 74
892 81
1073 89
116 76
896 74
17 86
7 72
613 71
91|20
3013 65
6395 65
8147 65
7153 82
3360 67
2791 76
3897 74
1080 75
4850 64
3429 75
7000 64
2060 65
2916 70
1391 64
2100 55
318 82
2146 64
1225 76
1246 71
8501 66
92|5
2572 81
2114 84
1015 72
2454 78
1801 79
93|20
736 82
1917 79
552 80
1721 88
539 87
480 89
1372 88
368 88
2355 89
1923 88
2193 91
2006 85
339 84
1097 90
1591 76
260 98
2968 92
1676 85
593 98
558 81
94|12
231 54
377 63
367 57
364 71
288 48
19 44
10 69
586 54
590 68
380 65
589 75
318 83
95|20
18 83
4878 89
6979 78
4732 63
3019 85
5246 71
32 89
2952 80
1247 88
1198 93
5283 68
3361 82
1513 71
2009 77
539 78
122 65
1584 79
1240 87
4262 85
5349 82
96|16
527 91
1094 82
272 82
3819 73
150 81
2021 62
2571 90
1214 75
2058 73
1220 76
733 78
2340 68
1721 73
2396 81
367 68
1291 86
97|8
4701 77
4306 90
3578 89
4993 94
4963 88
4299 78
3981 64
4161 79
98|19
81845 85
8961 83
122912 78
5299 65
63992 61
187541 72
56152 75
134853 86
69644 68
6863 74
5618 86
56801 68
3499 80
134130 84
74789 69
82461 72
1258 86
88810 88
79132 89
99|11
318 100
161 89
420 71
592 82
196 69
122 70
145 78
150 90
316 82
236 79
588 91
100|20
497 85
296 83
1393 81
95 71
592 72
605 70
6059 77
28 86
2245 72
62 79
4308 75
1777 77
838 83
2125 83
1288 86
234 64
1197 89
2005 78
4014 79
4623 75
101|13
2580 79
3285 66
2723 74
2700 78
2908 88
2390 76
3175 68
2395 81
358 64
2702 65
3394 65
2997 85
2502 81
102|12
158 57
588 74
150 73
592 68
253 72
480 71
344 62
539 66
553 73
593 82
586 63
223 77
103|20
86014 74
1954 81
60040 70
1968 82
77206 74
2161 82
1732 88
81834 78
608 87
2384 62
4254 57
104 75
139642 73
56782 91
2096 75
101 88
6534 57
374 58
60069 86
30793 69
104|20
4740 69
743 51
5218 74
8643 69
1288 80
47997 67
468 66
76251 71
8533 72
4018 67
38038 80
1566 66
7361 80
6060 68
3034 72
1641 76
4641 70
108190 68
616 73
7034 71
105|20
4788 77
69685 77
95311 77
95313 77
110586 77
141816 77
141818 77
170597 77
172587 77
172793 77
173351 77
173535 77
6433 75
4974 69
70286 81
108981 77
95175 77
69122 80
1243 90
3916 83
106|7
69844 92
72998 83
59501 84
86880 80
5349 86
53125 81
59784 81
107|7
231 68
253 81
590 85
165 83
434 72
208 66
318 96
108|16
800 84
6022 75
4995 87
2585 77
5316 74
4975 78
3978 71
5349 76
2926 80
4246 78
4878 92
4994 77
1968 84
1684 75
497 88
5380 78
109|20
380 62
1033 67
231 56
364 75
589 72
480 66
62 71
31 59
587 65
1032 68
586 57
778 78
540 51
256 53
163 66
252 64
223 76
553 70
537 64
168 55
110|11
26171 68
2468 56
1198 82
1089 82
1222 82
1208 84
4881 75
47 75
527 85
1193 83
2428 51
111|20
100194 66
162602 66
171251 66
2145 66
96588 71
65088 67
66203 55
84772 69
2081 68
91529 77
6365 59
45666 55
3255 68
1282 81
6539 79
86833 69
122882 71
59143 69
86911 69
5283 57
112|13
788 52
161 73
1917 64
16 82
21 71
208 61
434 59
39 69
3717 67
19 59
110 81
32 78
70286 79
113|20
4083 69
39 63
3168 68
932 78
2331 66
3359 76
1086 74
3504 80
1339 77
904 84
3546 69
4063 61
4062 64
1077 72
1589 70
2475 67
3831 69
46 59
1733 73
4007 66
114|7
141718 61
54001 65
2291 71
167732 61
122886 63
8961 66
3147 75
115|20
1580 77
2804 82
1387 89
2792 74
3146 60
3273 54
3052 80
2841 76
2719 57
595 75
2700 86
383 71
2027 54
2148 74
2770 60
3785 50
2916 73
3175 68
588 78
1377 62
116|18
2716 72
858 80
1299 75
62383 66
1339 64
1276 73
597 65
1029 63
1101 64
2797 69
2657 63
1961 73
1407 56
5995 66
1704 78
165 69
2115 73
8360 64
117|20
708 66
587 70
589 76
151 70
36 75
1036 73
595 74
288 65
596 68
48 63
315 60
454 70
353 73
474 71
10 69
60 61
805 71
491 65
616 72
485 59
118|5
1221 83
1625 71
153 58
1961 73
1810 68
119|20
95441 76
117176 83
1092 76
91529 88
74458 87
4387 85
79132 88
168252 90
44022 76
78499 91
122904 85
106782 88
442 73
4993 90
31685 75
6365 81
141004 78
4148 79
88744 83
8644 79
120|5
260 82
32 80
5 57
631 61
52 70
121|12
497 75
440 65
161 67
527 76
292 64
344 54
186 50
316 62
1 74
19 47
163 66
337 71
122|20
27660 87
69784 86
7022 96
148652 84
4816 88
56174 85
94959 94
81591 90
71535 91
30810 89
2997 96
1732 98
108932 94
780 83
1090 96
3253 87
106782 95
72226 95
1200 97
1214 96
123|12
68554 71
115569 81
79132 84
109487 82
1196 84
4226 84
296 85
7153 83
143458 72
47 81
96829 81
2858 84
124|10
56145 78
2161 79
260 90
175 85
1358 79
6377 86
4226 89
3147 87
608 89
1223 91
125|20
5088 74
86721 74
110330 74
54503 74
72011 77
162578 80
119145 87
176371 77
55247 82
1240 85
86332 77
68157 89
112623 68
4082 70
160567 75
3342 73
109487 87
88140 73
98607 74
81562 78
126|8
364 72
349 66
231 57
380 65
410 62
300 63
253 63
457 75
127|5
2915 63
903 66
55276 61
5060 63
272 65
128|7
904 90
965 81
926 86
1066 81
1721 77
1080 84
1198 89
129|20
4370 74
480 77
3698 74
2692 83
2138 82
1968 80
8368 83
653 69
7143 84
316 72
6874 82
239 67
2916 76
733 78
4896 82
2028 86
3977 69
3000 86
1907 80
31658 86
130|6
208 65
316 67
292 66
110 82
590 74
296 86
131|14
2273 59
6947 64
58559 75
908 73
4878 72
89745 70
7256 67
68237 73
2722 55
2028 75
48516 75
3178 65
64614 71
969 74
132|20
6251 58
3275 71
4995 68
2987 59
7444 56
3262 57
4168 54
31658 70
44191 67
1089 70
3967 66
5502 60
50 71
58559 71
5992 64
2108 58
1844 60
2657 60
47 68
2470 52
133|7
454 56
356 67
589 68
150 62
153 50
380 56
527 68
134|7
442 65
595 74
349 74
380 72
367 65
509 77
296 89
135|20
592 71
4084 63
893 71
3994 73
2004 72
608 85
1358 78
3852 70
3489 69
1614 62
1198 85
4128 74
1883 62
2302 59
1291 84
410 61
1261 84
4022 73
4881 74
1077 79
136|20
161 72
193 52
585 60
338 60
277 72
380 70
181 53
337 78
437 61
165 71
611 69
151 81
340 71
252 73
432 56
552 67
350 72
280 73
273 68
150 75
137|20
6787 83
2716 77
1198 85
750 92
919 80
1270 79
318 86
150 77
2997 83
1200 84
6986 72
7153 85
1242 85
110 74
33493 70
1197 87
2959 82
1237 88
903 82
7762 76
138|5
2707 69
1960 76
1959 72
849 65
3996 76
139|20
4025 41
7445 45
60684 45
4865 50
68319 34
7090 48
5502 43
260 62
8371 46
53953 35
58025 37
106782 49
6957 49
7163 33
3827 37
3624 40
52722 38
54259 45
4367 32
115617 44
140|20
5699 68
5299 71
1393 76
356 84
609 65
32596 65
4795 67
34072 68
1617 76
5256 66
5943 57
1084 78
4337 68
3108 72
43396 72
4719 61
1005 57
4321 69
5812 71
4259 68
141|20
5418 72
54503 78
4963 73
2478 65
71535 73
317 61
68954 77
54286 69
6365 64
54272 71
4447 62
5502 63
6377 78
6373 63
1265 73
91529 79
2502 78
441 80
1517 67
48516 82
142|8
434 65
384 73
588 76
50 85
527 85
356 83
337 75
377 74
143|15
1721 80
61250 61
6942 73
7169 69
8533 71
106696 67
3421 72
87232 74
78316 66
69069 67
59421 52
2144 68
96821 74
7173 64
500 64
144|20
589 77
541 78
8368 81
597 72
590 76
410 63
1246 79
527 84
356 82
500 70
19 57
2700 75
434 64
733 72
780 69
1036 74
5377 79
552 65
586 63
2081 76
145|5
344 59
339 68
380 66
318 85
588 74
146|7
7293 68
3257 59
32 72
1367 59
3686 56
410 56
47610 69
147|5
1234 76
168 65
552 68
555 78
2395 69
148|10
88125 74
5618 79
108932 79
81847 73
72998 65
5816 70
8368 77
7153 76
81834 76
4993 76
149|12
1097 60
1374 62
1831 40
1527 55
260 67
173 45
1206 62
1200 73
2021 56
1580 61
1391 50
1375 51
150|6
3 66
1356 79
5 61
95 64
733 74
1073 78
151|12
786 76
562 82
780 79
837 73
747 74
1265 87
828 75
1073 81
1 84
648 79
1393 78
1359 68
152|13
50 85
2959 85
116897 77
89492 78
1193 85
69481 83
85774 73
115713 78
111 85
92259 82
1234 80
79132 80
318 89
153|20
134853 57
1732 47
8533 45
4014 46
81456 40
106782 51
8528 40
6863 40
87194 40
2617 24
1246 64
106100 49
1954 40
7458 43
4226 51
89904 60
72998 35
133780 41
586 36
36535 51
154|7
114662 82
119145 92
81834 94
122904 90
106072 82
76093 92
77561 86
155|10
153 68
3286 63
1200 81
260 82
141 72
2355 75
2384 61
2948 75
432 63
2959 87
156|20
26313 68
31038 68
1230 80
1711 64
3341 76
6296 73
762 57
2361 64
2076 78
4784 67
661 65
2926 73
8571 68
47 76
3176 67
58 79
848 61
866 78
1485 60
923 78
157|5
785 66
3617 65
2720 40
2770 54
527 79
158|6
1093 69
2605 67
2872 75
2723 66
2428 63
66320 72
159|20
2959 69
60069 77
45720 73
597 63
4022 66
89864 64
49286 72
140110 63
84954 58
4447 63
1197 82
68954 75
6942 67
1961 67
106696 75
480 72
539 64
166643 70
40819 69
63082 78
160|20
126 49
1371 53
1198 74
196 36
3408 56
5349 53
3213 61
2408 47
839 44
3593 27
2748 47
533 50
1975 50
1676 68
3745 53
2011 59
733 63
3826 31
778 70
2840 47
161|8
4980 66
7247 76
47610 74
1223 88
38038 78
3429 81
2144 79
2336 74
162|8
150 88
225 86
168 82
50 94
300 85
266 78
31 80
62 82
163|5
1608 61
1810 63
1747 63
1777 65
1837 58
164|8
1036 90
2916 85
110 88
589 89
3527 85
1101 79
1201 91
2167 80
165|13
2353 70
3624 66
110 77
5505 68
5527 71
3256 73
5956 64
5418 76
5530 58
5450 66
1127 74
3409 59
5881 63
166|20
33794 83
1721 73
4011 87
5378 72
3481 79
49530 80
2353 74
47644 71
54272 80
8961 84
1198 89
2542 87
1036 81
608 89
434 68
5219 68
5418 83
2396 80
349 77
2324 89
167|20
33493 63
4886 74
778 72
3052 73
7147 71
6857 79
45501 61
6480 66
1682 72
2231 70
784 52
33794 72
2083 69
2413 69
6333 70
8961 76
2139 65
150 67
6773 66
35836 71
168|19
3730 94
1248 99
1201 95
1089 94
296 98
923 93
1222 91
5291 88
3543 86
1302 79
3362 91
1148 91
3101 74
57669 95
2076 88
1729 86
908 92
85354 75
80463 87
169|20
3536 84
2028 92
364 93
953 95
4886 91
5400 77
8644 81
524 84
2795 89
1022 85
3114 93
3967 93
1517 84
1035 97
8641 89
6365 81
661 81
457 91
3287 77
1416 83
170|10
318 83
296 79
586 61
377 68
34 72
592 64
277 64
500 67
266 62
588 71
171|17
485 76
1220 91
1025 91
801 79
1259 96
1079 94
828 83
317 77
869 87
380 84
1136 97
1225 95
661 84
318 100
47 98
1198 100
1208 100
172|6
3087 66
3578 77
7438 80
2072 67
3793 73
2762 77
173|5
10 67
329 65
586 63
597 71
588 76
174|14
553 74
520 69
224 76
648 76
161 80
317 68
158 65
780 75
315 68
485 68
282 64
440 77
350 74
10 77
175|5
531 65
8911 72
43904 64
38388 72
8362 70
176|8
165 79
434 69
39 74
368 83
380 77
780 79
47 85
471 80
177|20
42002 68
91542 71
6332 66
3668 73
45672 59
783 68
27706 64
2657 60
114662 70
1206 79
83132 71
5218 69
508 68
3114 71
1321 59
2176 71
8798 69
88140 69
2012 66
339 73
178|16
7361 86
527 89
2329 87
5995 87
6502 84
4235 88
1198 89
208 64
6539 81
296 91
349 77
10 75
4226 87
1240 85
2579 78
318 93
179|14
367 72
589 85
161 80
231 67
288 71
743 56
1061 77
317 71
786 71
592 74
671 75
296 86
434 68
364 84
180|5
1261 82
260 82
1748 78
1242 79
2140 71
181|20
157 61
593 74
596 66
353 62
539 65
516 60
132 60
169 50
25 60
31 59
542 54
6 71
707 56
185 59
464 56
502 48
415 53
480 67
592 61
344 56
182|20
4879 68
6969 68
3911 73
2728 76
4313 68
8042 77
1291 74
3113 55
3578 75
1590 62
161 75
4452 65
224 68
4980 66
4262 78
2353 64
2890 74
1127 75
541 86
6041 70
183|12
480 80
380 71
1196 82
2951 77
2534 63
4085 75
1287 81
2194 78
3247 66
1233 79
2662 71
1408 79
184|20
158035 71
181413 71
193565 71
97304 87
74754 68
168250 74
191005 71
106072 68
166291 73
127152 73
86332 71
80463 75
5816 71
122898 64
81845 85
5810 64
170813 68
174479 71
112852 85
148626 84
185|10
1685 66
2396 75
5377 72
1721 65
5952 75
1393 72
595 72
2085 68
4995 75
899 79
186|20
2605 77
1214 87
1291 90
3745 81
1269 86
2527 79
2532 71
4361 79
1307 85
2968 87
4306 87
2541 80
1702 71
480 82
1097 86
3977 68
919 86
3527 85
593 92
1196 92
187|20
26122 70
3949 81
49272 76
231 65
1206 84
6874 77
1729 73
1209 78
48394 81
6502 75
2701 52
4027 77
288 72
2542 78
7153 80
39427 61
6890 75
1222 85
8949 75
1748 80
188|10
2346 78
1212 91
594 83
1282 89
3469 82
2396 90
1091 70
3341 88
1264 84
2206 87
189|5
48516 84
4993 82
79132 80
2959 84
58559 84
190|14
6711 84
4776 76
8784 76
4995 82
5630 70
4306 81
30749 75
1221 84
4975 69
8961 80
858 85
8464 73
69844 81
7438 81
191|17
496 72
21 69
72 68
175 85
494 74
417 86
17 84
6 81
85 70
292 58
314 78
58 84
235 75
213 77
161 72
160 61
162 82
192|5
356 88
288 63
316 77
349 82
432 64
193|7
44555 77
55442 77
4878 73
6016 82
307 84
1270 71
5618 85
194|5
163 73
1396 71
1500 73
1288 82
5060 75
195|20
3424 79
2770 61
1041 81
1653 81
1923 67
3160 75
4723 60
1863 60
2336 79
2166 66
4308 76
1909 70
260 82
2028 83
3252 76
2908 68
1392 67
1365 69
70 69
190 70
196|7
70286 75
3578 78
59315 76
58559 83
364 84
1214 75
110 81
197|7
1513 67
1240 80
1882 53
786 71
2167 70
153 66
1784 80
198|20
3894 66
3499 75
920 71
1213 83
3949 82
1994 68
1485 58
2572 63
4019 74
1089 80
110 87
593 81
4128 66
1270 79
4886 73
1079 79
2117 69
912 81
1573 62
1682 75
199|20
5464 69
2165 66
2280 61
736 57
5673 73
349 62
5502 60
482 72
8532 64
1172 73
300 69
50068 69
4881 72
3175 66
7445 65
2973 70
34338 61
41997 75
1956 70
377 65
200|20
3809 78
7022 86
50802 72
3968 71
2485 68
500 76
5610 69
590 76
1029 71
53996 80
2572 80
4993 86
4041 76
57640 83
1302 76
1784 79
6383 57
1653 84
1569 76
1517 76
201|20
1748 85
1527 80
1584 85
2858 88
339 80
589 90
2717 66
994 91
788 69
1196 96
2797 88
733 82
1259 92
2174 86
1198 94
2455 80
1569 77
1213 91
160 67
24 77
202|20
3329 72
924 84
29 86
2289 80
1197 89
1196 86
2966 79
161 77
608 90
1209 85
1296 81
3194 73
1784 76
469 74
923 85
2000 75
1587 65
1719 84
3147 82
32 82
203|9
56174 78
8665 78
2407 75
5952 89
590 83
49272 87
40815 79
333 81
296 84
204|17
1136 83
3949 86
33794 79
48394 74
27075 74
1080 81
79008 82
6104 86
8874 83
81591 77
4878 88
91658 82
711 66
2313 79
86320 74
55820 78
5218 74
205|6
912 85
99114 79
91542 74
5816 75
95167 71
96079 78
206|5
36 89
608 92
733 76
140 73
141 75
207|5
2991 63
2428 45
2707 56
3740 69
100 51
208|6
1210 77
2628 60
380 66
2353 65
2278 69
2762 79
209|7
60684 83
1291 87
68157 88
74458 80
185029 78
122886 83
88125 82
210|20
123553 79
34405 93
166203 79
3147 88
31696 82
7649 77
58559 92
2105 76
6365 82
34397 79
4625 76
84772 83
122926 89
76093 91
62836 79
33493 85
1584 85
47610 82
108932 81
122918 87
211|18
58559 87
63113 71
90405 69
57669 84
60684 77
7153 84
73017 82
2105 70
4367 54
356 87
2642 59
1556 49
318 92
44665 80
85414 74
1198 89
1136 82
260 84
212|20
170697 68
122920 70
122892 68
2571 74
5218 71
48394 73
3578 75
1196 80
135143 69
74795 69
179401 66
79132 79
77800 73
108932 75
110102 74
96821 76
8874 76
65261 76
59784 65
2291 72
213|17
3285 70
87520 61
80363 70
76251 81
8957 70
2860 69
1234 85
5419 74
51935 83
69844 83
39446 69
4132 69
858 91
69526 62
4558 66
49530 79
58559 90
214|5
83 60
628 63
743 42
1363 58
802 57
215|20
1172 86
4973 87
63082 85
1291 83
2028 83
3252 75
3210 69
1968 78
1247 82
49272 82
1089 81
72407 60
5650 75
318 89
1208 81
2000 78
1197 88
1196 88
1297 78
4019 80
216|20
104 67
21 77
3996 78
3946 64
2946 68
3993 67
3897 72
2599 78
34 83
3994 72
4034 84
3363 77
1965 70
3422 69
3555 67
3253 64
2087 77
3986 57
2018 74
1923 71
217|20
1867 59
3434 59
1275 71
2468 47
3197 54
1912 68
2302 50
1876 56
380 63
1221 72
2471 47
1918 50
1385 53
3165 59
1590 53
1562 42
1703 59
2056 59
1831 49
160 51
218|6
2657 67
2692 77
1380 64
1198 77
6934 60
5349 63
219|20
60072 60
2115 71
59315 70
6539 74
442 52
30707 70
1704 73
180 68
1219 74
1005 51
27773 75
56156 59
6188 62
6721 66
30825 56
2997 74
1552 60
1500 67
2890 71
1921 75
220|20
3996 84
733 74
1198 92
3994 77
6539 84
1258 86
1917 67
4545 69
33794 85
165 78
71264 79
4623 80
53464 61
5218 79
6365 76
3751 77
32 85
1036 84
5502 76
1591 62
221|20
4338 75
7013 82
8529 69
1080 80
3246 83
2871 86
1208 89
7063 85
2702 71
4029 83
5954 82
2352 78
922 89
2997 87
1278 88
2858 89
1212 93
1959 79
1961 82
3671 84
222|20
81831 61
100498 50
48516 78
1249 78
99813 68
91529 73
59900 54
93287 66
1721 56
2706 62
3273 43
2411 52
64622 65
7143 70
87869 66
778 73
30825 54
42011 46
673 49
64839 71
223|15
55854 60
6711 76
1 70
736 53
1961 67
457 71
2716 66
48394 65
608 70
8784 66
48516 73
3863 52
4306 71
260 73
2683 55
224|11
3496 77
3044 82
356 89
2915 79
289 71
3668 81
1270 85
2797 83
1721 73
2716 80
1259 92
225|15
2423 82
1285 71
588 79
1717 64
2791 81
1321 73
1136 79
1197 82
1753 76
2004 70
2371 65
1407 61
785 69
1060 78
3024 70
226|20
6938 69
32666 69
3552 79
542 55
1240 76
3098 74
2804 79
3668 73
3653 70
2231 77
145 62
2253 51
3052 73
2628 58
762 46
53129 78
4816 77
16 77
2144 77
46948 66
227|19
46976 85
52319 76
81845 84
109487 85
134130 84
215 85
48738 85
47099 82
1196 87
32587 81
912 93
55721 86
1682 83
750 93
778 86
40629 79
97913 82
70286 84
150 81
228|5
2571 87
1373 64
362 78
318 92
3113 64
229|13
34 77
589 81
377 74
45 73
587 73
5 63
475 86
442 67
597 76
364 85
213 68
110 82
527 88
230|20
34330 58
52715 58
47 71
7438 66
527 64
3147 69
45499 63
6537 62
2291 65
1387 62
6863 59
1485 51
595 57
4022 61
2096 55
588 58
4034 68
1676 55
8644 60
2641 50
231|5
92259 81
858 84
593 81
1198 85
109487 84
232|20
31867 67
41769 67
57526 67
70336 55
8644 71
1586 57
44972 50
4019 74
43928 49
30883 61
65802 57
8376 63
39292 74
1035 78
66198 65
66097 71
32011 55
6564 53
7451 70
33164 50
233|20
48394 68
3751 61
48516 75
1721 60
356 70
106100 66
162600 60
608 77
7153 74
134214 60
57669 75
122920 66
2329 74
4239 68
7371 70
3977 46
3147 72
3948 61
49272 71
5418 65
234|20
2616 66
2140 71
172 58
126 65
1562 50
4519 71
153 60
2710 64
3624 69
3483 64
1391 66
438 68
1460 73
2987 75
65 52
260 88
1359 67
3175 74
588 81
2080 77
235|13
480 77
736 66
500 69
454 72
592 70
235 71
595 77
32 77
527 89
648 70
223 80
588 79
377 72
236|30
1214 79
1278 81
1345 70
1350 78
1387 81
1388 63
1982 73
1997 78
1998 62
2447 67
2459 68
2490 71
2496 66
2502 82
2505 62
2542 81
2572 74
2580 80
2596 72
2598 61
2606 59
2657 68
2683 65
2694 66
2718 69
2770 59
2806 58
2858 80
3024 69
3052 74
237|10
32 74
4254 44
94959 70
293 75
1371 60
1193 74
7361 76
7980 67
43936 58
1374 73
238|9
4954 78
3528 73
4265 67
4901 71
4238 72
593 81
4499 84
4957 72
1193 80
239|20
58559 90
5459 68
4085 77
380 76
95 66
7445 79
608 85
7147 85
6378 80
2115 81
4896 81
36529 79
3994 81
33679 75
47 87
590 83
4022 80
208 68
733 78
51662 85
240|20
368 85
543 75
480 81
367 81
810 56
500 78
546 53
110 85
173 67
1 86
542 76
104 78
34 80
174 75
204 69
225 85
383 80
262 89
434 73
420 71
241|16
81786 71
71899 81
527 85
1206 83
1193 84
99114 79
100714 68
8981 79
53123 82
116897 76
56367 78
3910 74
106782 79
115569 79
4235 78
48780 79
242|7
39 67
380 69
231 71
457 75
592 69
454 73
111 82
243|8
112 83
353 90
62 83
588 88
193 68
586 76
181 66
376 80
244|19
3090 74
1049 71
110 84
257 69
165 71
151 74
1090 79
3755 65
2278 78
648 77
1580 79
1957 83
1610 87
1196 92
3256 72
1573 69
1242 83
3753 71
2243 77
245|5
3196 58
2739 61
3114 57
3274 52
1361 58
246|20
1304 88
616 81
1680 86
6016 92
3081 80
44191 88
60684 88
4973 92
1732 86
1298 87
53125 80
2291 83
2692 91
293 92
4011 92
5013 87
60069 93
48082 86
82202 75
95167 82
247|20
48516 80
593 79
2858 79
49272 78
1961 74
44191 76
527 78
116797 71
68358 72
122886 74
480 76
223 77
1265 75
2078 75
1198 84
1682 74
6377 75
1089 85
953 78
919 72
248|11
4886 77
1198 82
166528 78
176371 76
316 66
147374 71
102903 66
189333 71
122912 77
58559 83
5218 74
249|20
110350 74
102903 74
2167 71
94959 79
84601 73
2395 76
97306 76
3408 75
89047 74
91500 76
91542 78
40815 80
69844 81
904 91
46723 75
3826 57
68791 75
88812 69
67695 73
50 90
250|6
1282 85
2407 76
318 97
1597 78
1246 91
8880 82
251|5
142115 85
293 94
356 97
318 100
1089 98
252|8
164179 87
89745 85
6377 89
164909 80
1682 85
166643 82
143355 78
78499 91
253|10
44555 94
916 93
608 94
2300 92
7099 94
4217 82
26366 81
1192 87
4642 95
3363 90
254|20
46578 86
44195 83
207 75
49278 74
6333 77
780 70
110 85
1210 86
49272 85
27846 80
32587 83
2571 86
44929 75
47 85
293 83
1580 71
5995 85
32 84
592 73
48394 80
255|9
1270 67
4467 64
2023 55
3501 49
1663 60
1394 56
3392 49
2542 64
2915 54
256|20
3247 76
88744 78
377 83
4973 93
53972 81
118696 75
95441 73
104841 80
71535 86
2953 65
81229 79
53121 69
30707 85
2571 93
68791 77
170 75
6942 86
90405 77
6537 74
33493 87
257|5
1500 70
594 70
2502 79
494 67
2406 69
258|5
4995 83
7147 88
72641 77
76093 80
47099 82
259|6
508 66
5945 44
1784 64
4886 69
1356 66
1584 55
260|20
7361 81
3556 76
162 83
903 80
5690 79
6337 71
4878 76
5617 77
342 65
5219 60
2997 80
8011 72
1206 78
3317 75
6709 66
8874 81
2348 74
3822 71
2959 83
8645 75
261|11
3897 77
16 82
2060 75
296 90
2723 81
1682 75
4085 73
2194 77
7361 86
4238 69
58559 86
262|12
708 65
539 64
457 68
322 66
339 61
85 63
26 65
17 76
213 54
273 52
593 75
728 62
263|20
223 77
150 79
500 69
2987 74
2953 58
110 79
4226 82
8370 78
1197 86
7458 72
708 71
1111 74
2125 77
6942 78
5013 76
163 73
457 82
8636 74
1967 79
2085 71
264|12
7841 75
1376 78
151 73
5816 78
1907 75
1320 61
1917 62
150 75
3578 77
1090 77
253 68
1876 69
265|20
3807 65
316 63
253 60
1302 68
724 57
1240 73
3504 71
230 68
3831 68
1956 68
3098 71
529 77
1270 78
3791 65
1177 72
2322 59
1488 58
2474 65
1198 81
1962 68
266|20
476 67
2812 67
2700 82
2278 59
24 62
2770 55
2702 68
64 61
1405 60
2580 73
1527 81
2167 64
457 73
1580 64
2300 93
1923 64
2094 68
132 64
2571 78
2097 53
267|12
2858 80
593 92
1175 88
3006 82
1302 82
3999 63
3113 74
1093 78
589 87
2571 88
923 88
3996 78
268|20
1641 76
587 61
1125 58
1911 52
2802 60
1036 69
1370 62
50 76
2064 75
1784 64
1912 78
1966 60
454 60
1234 81
2247 61
1394 77
2829 65
802 58
260 74
2858 85
269|6
724 66
743 54
95 64
1 80
63 63
648 73
270|8
661 62
62 71
79 48
628 63
14 68
1356 68
141 66
25 71
271|9
3897 70
32 70
2791 70
969 78
6787 71
2858 74
55765 69
1320 58
2288 73
272|7
177765 68
1240 72
51662 71
122922 71
49272 78
158238 73
6365 64
273|11
440 78
593 90
500 76
608 94
223 85
111 89
150 88
21 86
466 70
235 86
520 77
274|20
50147 67
2947 73
3037 79
1645 66
4951 68
2036 58
1359 58
35957 67
553 68
76293 62
3918 66
1503 65
45431 64
4816 70
54999 64
5667 67
4876 51
56805 66
1921 76
54004 71
275|20
1784 73
2289 91
5884 77
1171 79
357 81
1912 85
2539 72
235 77
4886 83
2572 81
2355 77
3253 84
1192 83
926 93
111 85
2100 71
3089 86
1393 82
1719 87
1392 76
276|9
673 74
356 99
466 75
104 87
631 81
648 85
2 85
1367 80
344 81
277|6
637 68
736 72
656 71
1 82
780 74
260 88
278|5
2371 66
1347 69
4002 82
318 93
2369 67
279|20
134130 74
1101 65
166528 75
90405 63
61132 65
79132 82
56782 80
97913 75
1608 62
4226 79
59315 68
88129 74
54286 67
1258 79
8665 69
58559 81
4993 81
8376 58
107406 68
1200 80
280|20
92535 86
344 70
262 84
3146 57
4239 80
4447 75
8638 86
919 87
72641 80
86817 75
8368 85
49530 81
6863 77
35836 76
55052 82
54503 82
4246 80
48516 89
1911 62
3916 84
281|5
46578 72
8361 57
35836 65
3897 72
3861 59
282|20
5995 87
3977 60
3263 71
25 80
6708 80
2683 71
4718 65
6711 86
5481 68
6863 75
5669 81
3752 74
588 80
80463 87
1921 84
1193 89
4369 65
48322 82
1194 81
784 58
283|7
1580 62
39 59
1704 76
356 77
586 55
2082 51
805 63
284|18
474 79
173 71
2 77
296 94
15 66
348 90
248 77
318 96
47 91
353 81
275 65
44 64
339 76
367 74
276 73
165 80
637 70
235 75
285|8
1193 82
949 74
1247 84
6978 68
113207 70
4447 67
441 75
296 80
286|20
454 74
778 84
5989 81
1333 75
165 73
500 72
7438 84
2294 70
4993 85
4995 81
7361 89
70 81
4980 68
1258 86
4963 80
1097 73
4848 85
539 72
377 71
110 81
287|20
3160 59
3578 56
223 61
2633 54
1059 56
586 45
3005 45
532 46
1193 65
2599 63
2028 59
1485 44
3826 26
2081 48
8949 54
2012 51
101 66
4034 58
2422 27
2115 59
288|20
4473 63
4966 63
1008 63
2867 72
42015 63
141 63
2571 77
13 63
53519 66
2407 59
5418 73
3916 64
2347 57
2528 58
30810 62
575 52
32587 73
587 63
2517 56
8361 58
289|24
3 67
16 79
235 72
266 68
594 74
708 69
750 87
1080 79
1101 68
1208 84
1220 77
1258 82
1917 62
2012 70
2174 72
2710 58
2797 75
4322 74
6125 70
6327 71
6453 70
7025 69
7028 73
26704 71
290|20
1228 90
1299 83
2494 78
2739 84
608 93
2130 76
908 90
341 76
1447 76
342 73
1056 72
1719 92
953 88
928 86
1394 85
2648 77
475 92
2731 84
1357 86
2385 71
291|7
40815 90
122892 83
106489 76
134853 91
7153 90
88125 90
1 90
292|20
520 58
103339 63
122900 68
4896 75
2291 68
474 71
85056 63
46972 62
95167 67
164909 67
3176 63
3476 71
1608 68
31221 45
1101 68
3985 65
3984 69
1017 68
69844 75
231 54
293|5
1682 65
1673 67
344 49
1617 69
1097 60
294|20
416 39
3869 56
1064 49
2794 42
610 59
2133 50
1391 54
3868 67
1129 58
520 47
3387 53
355 31
2378 47
3693 48
785 40
2193 61
2367 50
2458 42
348 54
3501 51
295|9
1221 87
3198 75
1287 74
1213 85
4351 70
1198 83
858 89
318 87
2329 83
296|6
160848 72
2028 82
169034 72
4144 84
50 88
2324 86
297|15
832 50
543 58
1645 55
111 66
454 52
1089 70
6 63
1249 68
1047 48
1370 54
1488 47
150 56
170 57
1092 47
866 63
298|20
57640 57
95510 56
6811 48
8370 55
8807 49
63131 44
6881 49
3785 51
122900 52
103042 40
6294 34
2167 39
2005 52
6006 42
653 43
55995 42
3018 53
69757 51
103772 48
3825 28
299|5
3793 79
1387 84
188 77
1198 88
1214 83
300|32
318 87
356 82
527 84
593 83
1172 82
1704 81
2028 82
2324 82
2329 83
2571 82
2762 78
2858 80
2959 85
4848 80
4973 85
5995 81
6016 82
6711 82
7361 84
8950 78
48394 76
56174 70
63082 79
79132 81
81591 73
92259 83
99114 79
109487 79
112183 70
112290 77
112552 82
112556 77
301|20
21 62
357 62
2490 69
6711 78
589 66
8949 69
837 63
3948 64
364 77
527 77
5989 71
4963 71
608 81
292 58
3578 68
3897 75
4226 82
3753 58
1393 64
1792 53
302|7
480 79
14 79
3 74
25 79
648 71
707 68
110 85
303|11
5378 67
3703 84
1127 73
5544 73
1196 79
3471 78
1580 80
1394 79
2683 63
920 72
1358 72
304|20
314 82
2571 84
2433 70
10 78
1376 81
480 81
1373 70
1777 76
1270 88
1517 78
151 80
356 89
208 59
474 81
1214 81
1375 75
640 62
1722 78
185 73
2701 58
305|20
74624 75
140627 75
87869 78
919 88
1197 89
106100 81
138210 76
788 67
7482 80
80590 72
103075 74
903 91
6537 70
93840 79
54736 81
592 73
2288 86
58803 77
55276 80
1272 87
306|20
5784 55
68954 73
69644 56
6377 71
95543 64
81847 68
111743 55
85367 67
168418 69
167018 64
72998 63
122904 68
69406 65
85788 61
4963 70
115664 65
134368 65
112852 73
161634 63
133419 62
307|20
2190 55
4181 55
31424 55
49314 55
5010 61
7845 56
3392 53
1220 65
6793 34
6483 46
2332 47
56003 53
1991 48
3273 39
4876 39
3421 67
1409 41
413 49
4447 47
52867 55
308|20
2959 54
45517 54
96821 54
72998 49
318 55
2 33
904 60
589 48
8961 56
56152 44
56367 47
5618 64
36 49
410 36
79132 57
4993 61
8464 52
1221 53
2248 52
6 48
309|20
2202 80
1645 66
898 87
1682 76
296 78
1089 82
1269 77
7153 82
6947 72
8340 72
1104 88
7218 70
25886 74
1219 81
8154 74
971 76
1944 74
6365 69
1262 86
2762 80
310|13
6863 66
6947 77
1101 69
6503 55
2524 65
2457 69
5899 74
733 65
246 85
3254 61
1223 88
1080 87
2671 76
311|6
6561 45
5992 51
1517 46
6461 48
1407 44
2706 51
312|20
5816 73
1375 68
3499 84
589 82
2454 69
1358 80
4878 83
4103 78
3793 72
2028 86
1371 65
4121 71
2366 79
2747 67
4105 75
5446 73
2699 67
2529 83
1350 78
1356 76
313|20
4980 59
170 68
3917 70
2455 62
5544 70
541 81
2193 77
2000 68
6 77
1968 75
1089 86
1301 68
1240 76
3175 70
4865 73
2005 69
2167 63
1375 58
2087 73
2530 51
314|20
7 53
1042 57
44 43
165 63
457 73
293 68
597 61
329 59
442 53
26 64
830 60
728 64
618 62
107 55
536 60
10 56
1376 65
153 56
208 45
150 69
315|7
1262 73
2729 65
2529 69
2067 72
2553 62
909 71
902 68
316|11
1748 71
253 65
3968 56
158 52
5445 63
3751 62
7438 71
6874 73
48 58
3882 47
2572 65
317|20
133115 68
73321 68
91529 77
74545 67
7445 73
1213 84
48774 72
4262 74
1884 84
5989 78
3578 84
4011 83
68358 77
1208 84
72011 66
3897 76
3499 73
96829 74
116797 72
56782 83
318|20
26713 72
81191 72
90245 72
111817 72
127180 72
145080 72
150696 72
7445 71
1090 79
116799 75
82459 79
48385 69
2294 67
64839 80
88125 76
109487 83
4021 80
33794 78
54286 75
89753 80
319|7
115617 89
6377 90
356 94
136864 62
1221 94
122904 87
110 89
320|5
72998 65
71535 75
31184 68
59315 71
1013 66
321|12
587 73
356 86
160 66
592 71
597 74
780 75
339 75
355 56
410 66
3 69
500 74
457 81
322|20
2882 57
1968 69
2542 72
58559 73
2788 74
2146 61
2617 60
2918 72
778 74
2599 65
4027 71
4993 68
1230 73
51540 65
1 74
1617 77
1923 69
4010 59
11 72
1035 70
323|20
377 62
480 65
356 73
1094 61
161 62
115569 68
1198 75
29 70
551 63
22 60
318 77
112183 60
253 64
111659 54
3257 52
260 76
150 69
329 57
342 57
266 57
324|5
2764 68
3972 68
3864 48
3949 71
3897 68
325|20
2848 69
235 74
2986 53
262 75
1573 66
2596 70
1584 69
1217 83
1676 64
4714 65
3770 61
3261 67
2894 69
2155 69
1279 78
1614 61
3994 69
2268 73
2915 68
5008 78
326|20
8665 78
47610 82
20 65
2858 83
86882 78
5418 74
4973 90
133771 77
48774 85
2324 85
1293 82
2692 83
72605 73
70159 74
54286 79
5446 75
6591 77
4226 83
105844 76
31410 83
327|10
3301 81
150 79
858 92
1923 84
51255 83
48516 94
1304 86
765 77
6888 68
2706 87
328|20
2687 56
112852 65
70286 62
1196 78
457 65
364 68
80463 65
3489 55
318 74
595 62
5349 63
2542 74
1219 78
35836 64
3751 59
79091 73
7153 82
596 57
2398 60
1148 67
329|5
130482 46
136850 46
858 55
1884 60
750 57
330|20
5378 65
316 61
1639 71
2918 75
919 74
3949 81
3535 72
5349 76
380 66
1676 62
2502 85
3703 76
1682 76
2683 64
1206 84
1721 65
2791 73
2081 70
8874 80
592 69
331|20
8874 81
6157 53
88125 69
6539 75
3897 80
4446 64
7361 84
50872 74
4995 79
4306 71
6874 78
5502 61
3911 68
608 78
4447 58
593 81
3751 69
8665 72
4367 54
2959 85
332|20
47 77
1653 78
1258 80
316 64
8983 72
431 74
97757 67
2291 74
1835 65
356 79
5502 67
4308 71
1203 83
1682 74
1249 81
76251 72
2905 73
318 85
2294 66
32 76
333|5
3785 51
3752 53
3616 59
3615 53
3646 37
334|20
55820 73
1196 75
1580 65
1291 73
3996 68
589 72
30810 65
4027 72
1 73
64957 62
1625 69
50601 52
44195 76
27416 64
6867 69
2997 75
293 74
480 67
5378 56
51935 68
335|6
780 70
592 74
356 86
296 82
2699 56
2001 67
336|12
1267 93
1 89
38798 79
33660 89
1784 83
2001 78
2268 86
293 91
1625 90
4886 89
50 94
150 86
337|16
318 99
47 94
16 91
805 87
1393 90
266 83
667 72
168 88
784 74
65 75
110 90
708 83
25 76
1356 96
277 73
786 81
338|8
189111 58
190207 58
190215 58
190219 58
7153 73
593 74
187541 54
185029 62
339|20
72641 78
5445 78
84152 85
96079 78
106072 72
69122 75
5617 87
41285 75
56869 75
48322 81
65216 81
91630 75
86504 81
91529 79
83613 70
4993 85
3470 79
102407 72
2028 88
5952 83
340|28
10 71
110 79
150 76
153 60
161 73
165 71
185 62
208 59
253 72
288 67
292 68
296 83
316 67
318 87
329 67
344 63
349 71
356 82
454 72
457 79
480 74
589 79
590 76
592 69
595 75
648 70
780 69
1356 77
341|11
2335 70
3624 70
130087 74
1370 75
135137 72
117529 73
5459 68
45672 74
1 81
47099 78
4025 62
342|14
2683 52
2598 60
2881 58
2369 50
1268 66
2605 59
2599 61
1198 78
3157 55
3826 49
2428 51
2827 47
3863 59
1959 68
343|12
858 86
3000 79
48394 76
4226 84
4878 83
3993 74
2571 87
1617 81
31658 83
55363 82
55820 80
296 88
344|14
111362 81
380 76
316 68
2628 66
4226 75
2571 85
4014 71
2012 70
4034 78
260 85
2541 68
4973 76
5418 72
2712 61
345|13
1019 81
2539 71
926 86
5902 80
8810 66
344 71
5707 74
2366 72
56949 69
3649 67
6658 73
3489 80
412 77
346|20
3174 69
778 77
608 82
6711 79
6286 71
306 82
7323 73
307 82
3535 75
1212 80
357 65
3949 76
714 73
7937 71
7396 74
5878 76
1120 70
1131 76
3627 72
7115 67
347|9
434 62
590 73
39 73
150 76
454 72
380 71
587 72
317 67
457 81
348|11
318 100
2324 98
4368 70
1213 97
6016 97
2959 100
6893 90
4973 100
1221 98
1960 90
2019 99
349|8
10 73
161 80
589 82
381 76
349 74
231 64
588 78
509 78
350|8
852 63
7 59
637 61
648 68
733 73
12 51
858 83
661 62
351|20
88932 70
87222 66
73344 75
52579 68
2231 80
88744 73
43836 63
79132 81
597 70
58559 82
12 53
8914 75
8950 79
63082 79
6214 76
90376 73
84152 78
480 76
4878 81
1193 84
352|20
72998 77
71745 65
1801 77
34319 73
2600 82
65682 73
1080 79
79695 69
110730 61
38038 72
130490 72
97752 77
1214 80
94864 71
41566 73
56587 76
44191 83
114935 79
59315 77
47610 81
353|18
552 67
25 72
267 56
216 72
367 72
288 64
144 63
186 59
333 76
266 64
112 61
198 74
234 51
145 62
293 82
158 58
163 75
296 87
354|20
1610 78
4306 80
2692 81
3147 84
47 82
903 81
733 74
3977 60
1225 84
35836 74
648 71
44191 80
8665 76
1917 65
7147 80
1923 73
589 82
2959 86
4718 63
1196 84
355|6
316 75
1580 77
3035 84
3175 82
317 70
916 92
356|20
2248 81
52435 85
52975 77
7122 75
44889 75
1641 83
2706 72
4011 87
802 70
7323 76
2502 89
56367 83
1223 90
55118 84
3949 89
3996 83
1246 88
1466 79
223 83
7153 88
357|20
4354 74
8998 74
27329 74
2804 79
595 79
529 81
4663 71
4091 73
1224 82
1242 85
34 75
208 63
58559 89
6296 82
30793 69
1042 70
2100 67
551 80
471 80
2067 86
358|9
26095 65
605 59
5066 69
52328 71
2226 65
42728 64
7361 73
69844 74
36525 53
359|15
405 52
1092 60
1101 67
51412 57
648 64
296 78
1097 71
2396 76
2424 61
593 79
2701 42
2942 58
1682 73
2530 53
4995 76
360|5
1422 64
1620 62
1488 63
1711 63
1414 63
361|20
47099 67
1580 63
377 65
1552 57
49272 70
1263 67
53125 65
589 69
49822 63
8360 71
318 78
2529 73
5218 66
6188 62
2422 38
3082 65
1732 64
1370 64
46972 59
7458 64
362|20
1945 90
592 76
6539 83
51540 84
5989 85
637 68
70 80
7153 91
1252 90
44665 85
407 76
6874 88
2959 92
1196 91
1208 93
8961 86
48516 91
7438 87
356 88
1201 91
363|6
1552 49
1732 69
1517 58
296 70
653 55
318 77
364|5
858 90
9 75
783 78
376 75
1 87
365|20
59315 56
81229 55
128975 50
6874 64
90345 55
158872 50
129354 52
103075 51
135536 44
70286 55
112852 67
76077 58
112818 55
1777 59
6502 64
155820 52
541 58
95720 46
93270 42
135569 54
366|7
116797 81
59315 77
33794 80
91529 81
2028 85
122882 79
7438 83
367|20
926 85
3061 72
1270 89
1287 83
486 72
3536 78
3824 58
2384 62
3072 79
898 93
3618 73
3225 69
2248 84
3157 66
3969 70
3717 75
1259 82
4023 66
1196 88
1258 84
368|20
3753 58
2112 54
1944 64
2986 48
3869 63
1214 66
2947 66
415 44
3035 68
832 57
50 74
2819 64
1801 62
2490 57
1917 50
1391 52
2193 61
225 57
161 61
2881 52
369|20
1256 73
785 62
47 77
2706 62
839 57
377 64
52973 69
743 49
4214 59
5418 74
3863 58
1372 68
27904 69
60069 77
2857 59
1967 77
150 70
2011 69
1580 66
3174 70
370|19
4011 79
4878 72
8961 73
6377 75
2628 51
1748 74
2116 67
589 72
2329 77
7438 76
3977 52
1676 65
593 79
4973 73
4226 76
1240 73
1089 80
8636 70
2716 70
371|9
2571 95
112512 85
1258 97
4090 87
56715 94
3000 94
4226 97
4993 94
1748 97
372|20
335 64
924 76
318 83
1603 50
1479 59
589 73
81 60
387 55
616 66
337 69
1220 71
1201 76
165 65
1243 74
1258 78
377 68
1401 62
450 61
1206 73
1306 61
373|20
216 57
60 59
169 49
350 61
585 52
44 40
371 62
163 61
616 71
198 63
265 73
25 77
6 76
733 66
47 72
2 65
736 51
305 60
357 67
141 63
374|7
296 85
208 64
1219 79
480 74
592 72
1258 86
1339 77
375|7
344 71
1027 67
32 90
2628 67
3256 78
4226 94
500 72
376|20
91535 71
2002 72
1214 83
1101 74
2916 81
33794 84
1198 89
349 81
1371 71
376 68
1240 84
1375 78
4993 82
858 90
457 86
4226 83
5952 83
344 69
2763 83
2797 81
377|20
4942 77
2793 61
1262 96
2791 87
748 73
1345 70
5027 75
5113 76
27692 77
3421 85
6021 77
3364 77
2072 74
8641 76
2163 71
92760 77
2858 90
1503 75
2124 72
2015 75
378|10
33794 79
7153 83
48516 83
3114 80
858 86
68954 80
91529 81
71535 79
90600 71
364 78
379|8
318 85
377 71
19 52
292 66
480 74
367 66
597 67
344 58
380|20
60818 73
172875 73
172881 73
172887 73
355 52
6979 74
5476 60
2735 65
68194 77
63433 71
72356 77
105731 70
1833 66
551 70
6731 77
27831 82
1665 68
393 58
140956 73
2791 88
381|20
2085 70
1088 73
3253 68
185 63
317 69
27808 66
1240 74
19 51
3753 69
4321 67
72011 75
3082 67
333 74
2140 69
1385 60
2273 65
1208 81
457 78
104 64
2716 75
382|20
1204 92
142372 69
135532 71
1201 83
112171 69
1198 90
912 89
81847 74
4638 61
63540 59
1681 61
170289 71
103042 68
72737 74
2496 70
357 70
81537 68
59501 72
101362 63
4890 71
383|7
2436 79
2541 78
2496 69
1584 74
2558 59
1246 85
903 80
384|14
3527 72
1388 54
2683 55
2502 69
4333 59
3098 64
4396 52
457 74
358 51
968 63
2724 49
296 78
3991 53
1204 82
385|20
736 57
1080 76
249 71
1219 75
1036 74
1136 82
282 60
1073 70
1200 76
1228 76
1022 67
1007 57
1201 82
1246 76
344 61
589 79
1023 66
1287 80
594 70
1303 75
386|14
110 64
410 51
112 55
165 55
223 61
648 55
185 48
608 73
485 48
305 47
44 40
585 44
349 54
10 57
387|20
4393 64
5156 64
5780 64
7336 64
26124 64
40966 64
2712 67
5062 65
1247 76
5489 64
4195 64
7132 73
2946 62
1387 71
3000 80
51939 61
4995 72
912 79
7938 64
1783 57
388|6
6158 69
63239 69
33615 67
86298 70
62999 71
8360 76
389|7
17 88
140 79
628 85
762 66
743 67
95 74
32 91
390|17
6344 70
64957 70
4239 80
5220 64
1193 79
2571 85
9010 74
2291 80
5296 61
4226 88
7254 70
6377 82
63062 70
1206 84
2329 83
4014 73
1784 74
391|20
5575 69
500 65
3994 65
1213 84
516 61
199 69
4027 82
150 73
1408 73
4014 72
1527 76
1059 76
2916 71
4973 83
357 74
555 78
5026 76
4936 70
1210 80
3067 75
392|5
3004 54
2858 76
707 58
1198 81
1125 67
393|20
91658 68
102125 72
48394 92
36517 75
8636 80
110102 78
44199 72
5388 66
54259 57
4848 70
5669 71
1291 84
68848 71
86190 68
2571 91
1206 77
122892 75
106642 85
1625 71
106489 76
394|5
588 65
316 56
344 52
225 60
457 70
395|13
329 65
1025 67
296 73
160 60
208 57
173 56
485 52
355 47
520 61
595 66
126 54
48 57
367 60
396|6
1276 73
1597 59
1777 65
44 48
204 50
2081 69
397|5
4017 78
8645 76
1701 78
8228 73
6993 78
398|10
6408 77
1197 89
5971 83
7022 83
1198 87
60069 87
2455 79
1136 90
48516 87
82459 82
399|8
1198 84
110 80
5445 69
1196 82
593 88
480 76
1270 82
2194 80
400|9
608 92
356 92
2571 93
2959 96
7153 92
1221 95
3578 90
858 97
59615 69
401|15
5952 71
6297 67
55768 68
48982 70
166461 69
49274 57
50872 73
32031 66
79091 72
170939 67
38038 75
8360 70
3114 72
33615 66
1136 78
402|10
1084 84
597 77
52 75
329 74
296 86
586 70
315 68
1036 85
434 70
527 86
403|7
110 82
2427 70
3210 72
296 85
61465 67
1663 77
180 72
404|12
204 52
349 68
474 71
34 69
364 78
508 73
105 66
593 79
509 68
277 61
315 59
185 58
405|20
70708 75
293 86
7254 78
37731 78
2959 91
345 79
1213 89
7134 75
64614 84
6023 74
1241 81
2329 88
1247 83
3052 79
68237 84
1199 89
27592 77
27664 75
3418 78
1215 87
406|5
1586 56
135 59
56949 65
46972 62
724 58
407|5
7153 87
2959 87
6539 79
1240 78
54286 76
408|20
1198 90
122904 84
44840 72
165101 73
6618 81
1291 87
1210 88
89745 86
1278 92
7324 78
44 66
8641 79
115210 83
103596 71
68554 79
2571 87
109487 87
63131 79
80489 86
4649 80
409|20
2485 54
2490 73
2028 83
3812 69
1278 89
2997 87
296 80
1078 69
3016 68
1073 76
2683 67
2289 78
3846 71
912 93
2013 60
1911 61
2352 78
1230 80
2541 76
3174 66
410|20
389 75
3224 82
318 90
2302 74
4002 81
1060 75
4297 75
3263 64
1859 76
111 90
58 88
2145 75
3255 77
2321 71
3504 81
3948 72
11 81
4019 81
3 76
597 71
411|20
508 75
261 72
586 59
432 51
353 66
431 69
194 66
318 86
272 72
515 71
356 81
266 65
257 69
349 70
10 70
31 65
344 61
227 58
455 52
122 57
412|20
2828 67
2384 55
2915 77
903 86
608 91
2720 60
2858 89
1883 77
1307 81
1214 84
1784 79
2239 87
1 81
930 86
1136 88
2710 64
915 79
2398 82
17 81
1079 85
413|12
2706 88
1198 100
3753 84
2424 81
593 97
128360 88
4993 99
16 93
5574 88
3948 83
64957 91
2959 93
414|20
4458 68
4666 68
5285 68
5635 68
6033 68
6493 68
6563 68
6628 68
6797 68
48319 68
58879 68
169992 68
3802 60
3599 66
1600 70
8666 43
4975 69
7444 65
4081 64
177593 82
415|19
296 90
1213 90
4321 73
3507 84
4308 78
47 84
1021 58
111 87
2617 66
1276 91
3861 65
4369 67
99114 84
1221 89
63082 82
1234 84
45722 76
1197 88
175 86
416|11
5952 66
5951 50
531 54
1296 55
1199 72
1721 53
830 58
1206 73
7323 60
4848 71
3677 60
417|14
778 91
4995 89
4975 79
7254 81
1198 93
106782 87
27773 87
168250 82
1625 82
7153 94
74458 85
110102 85
48394 86
4878 91
418|19
356 87
296 88
63082 71
104374 68
1276 86
1136 83
117176 71
1573 59
137337 68
1682 81
5816 74
88125 70
74458 70
367 58
89745 75
45672 60
87869 67
7361 85
54001 73
419|20
4093 73
111 84
46976 76
27822 65
2858 97
319 78
6287 68
3578 89
1213 87
64969 77
47 78
79592 75
34319 85
89580 73
60756 77
27704 73
90943 73
2412 51
1240 83
52245 65
420|20
1161 75
4993 84
45499 69
923 82
26693 72
48385 69
1927 80
5608 78
2052 68
6934 67
7022 80
3979 58
59295 72
2329 85
54259 75
1131 78
2762 79
4973 87
5669 78
527 85
421|8
2858 87
909 85
5008 83
953 83
1178 89
2313 79
2478 66
1203 80
422|19
2539 64
2710 49
4947 65
4971 64
5039 70
4925 65
2581 57
4916 65
1265 77
2804 80
3053 67
2665 65
1283 84
4835 66
2908 73
3943 59
1213 82
2670 68
858 87
423|5
1653 78
110 78
2194 83
5349 74
1320 68
424|20
1193 80
141 65
2804 77
40278 76
608 82
108729 72
293 79
69122 76
1092 66
54503 77
58559 81
3186 79
66097 75
778 79
5679 65
3176 73
2288 75
2174 72
71668 72
112556 75
425|20
45517 66
377 66
2329 82
733 70
6 77
1645 69
8368 76
2081 67
4306 75
1680 73
1909 65
367 63
46723 69
1625 74
1036 74
4901 70
750 81
2353 68
1342 61
145 63
426|18
59784 68
150 76
471 77
337 69
54001 81
1197 83
6378 74
72641 75
4886 79
8644 66
37729 70
597 71
5444 77
91325 65
588 74
3247 60
4022 70
79091 68
427|17
4887 52
5463 53
5015 62
110 77
58 76
5528 68
6348 59
5312 58
2710 48
5696 59
4993 77
5266 62
2683 70
5400 53
5816 62
1208 78
5574 61
428|20
2471 39
2762 64
3827 48
1089 69
2953 43
2916 57
1380 53
1997 68
3440 33
4022 59
317 43
4255 36
1208 68
1391 57
6377 66
2581 48
260 65
3285 52
588 54
653 48
429|12
339 82
421 79
150 89
225 81
165 84
266 71
329 75
252 79
279 79
317 78
237 78
204 62
430|12
923 81
2987 73
3745 73
6287 65
2858 87
6365 68
2571 83
4447 66
4014 71
329 72
2076 81
4446 74
431|5
172 45
1625 62
1376 61
3948 56
802 55
432|20
1831 57
5630 72
6870 70
8640 65
6539 76
3916 79
5989 78
84189 70
110 74
35836 68
4886 78
2762 79
1206 81
49272 81
19 52
318 83
58559 82
69481 77
7158 72
33660 77
433|5
91529 71
1089 79
50 75
5299 55
110 73
434|20
1136 87
3147 82
1090 82
1265 82
5989 79
1101 68
1779 60
586 58
344 64
3863 64
1208 88
3160 81
589 81
780 65
6796 73
2791 78
4226 89
2194 79
8665 74
1291 83
435|9
2353 80
44191 88
485 70
3510 76
34405 92
2302 74
158 66
82459 86
48780 87
436|20
204 47
435 47
440 69
432 49
161 68
480 72
377 66
531 64
536 64
502 51
364 75
235 69
371 64
344 56
2 67
585 57
450 62
587 69
437 54
227 51
437|20
748 67
318 91
5 58
640 65
1299 82
1120 77
1396 73
1246 80
454 76
1171 76
1225 85
1183 76
1097 76
1307 81
1268 76
592 73
198 74
155 61
112 67
246 87
438|20
7154 60
2501 73
8966 62
27801 77
1527 77
6711 84
3898 62
1784 70
8644 67
6367 64
2424 64
3889 56
223 73
1517 72
7361 83
2641 62
5009 67
2617 67
3753 71
2393 63
439|5
356 83
4022 76
7153 84
78499 83
1240 77
440|7
8690 72
541 84
29 80
1653 81
1274 78
3174 73
1235 86
441|9
589 92
2683 81
2959 96
4306 88
260 94
296 94
51255 92
47 95
68358 89
442|5
2908 36
2881 28
1186 34
3752 27
4361 32
443|8
2329 89
79132 86
296 85
48394 85
106487 79
108190 70
7153 88
63082 82
444|9
356 84
592 72
208 59
21 77
111 84
110 80
235 77
296 86
344 60
445|16
2028 81
590 77
34405 78
47 82
116897 73
780 67
4011 81
899 77
593 81
33794 77
1080 82
45722 70
17 71
1230 81
306 73
2710 52
446|17
237 57
339 59
300 65
296 79
480 68
368 66
288 59
172 49
17 69
16 71
357 63
150 68
434 56
153 50
648 63
593 79
337 67
447|16
257 77
293 84
337 83
531 73
382 68
589 87
552 73
253 83
362 77
532 69
292 75
31 73
474 80
540 65
442 71
160 71
448|373
2368 59
3284 59
3933 59
6302 59
6476 59
7245 59
48262 59
49688 59
75803 59
75816 59
78116 59
79590 59
86593 59
92198 59
98908 59
100326 59
102819 59
104760 59
108715 59
109191 59
111680 59
113416 59
116207 59
116985 59
129657 59
130083 59
133377 59
136654 59
138546 59
142424 59
151777 59
152658 59
157130 59
158022 59
161290 59
164375 59
53996 62
136778 59
5418 65
288 53
88356 46
2580 68
155358 59
2889 65
4034 73
148888 54
81156 63
2713 51
103335 55
95441 47
34048 52
80126 54
3057 59
1057 59
2794 46
33830 62
8665 64
6059 60
110553 49
90374 63
151501 59
3764 51
6143 61
103819 55
4361 66
104913 63
3986 49
5528 59
1196 76
105351 57
83349 49
3276 59
1090 75
5349 60
587 63
106330 57
4677 55
95508 59
109895 52
110611 59
671 53
2289 64
152077 65
80693 58
111360 48
170 57
87444 59
94323 58
8493 60
3671 74
91653 59
4981 59
2991 64
78034 59
119145 68
5099 53
4299 58
2567 50
6996 39
109864 56
6582 57
73017 68
370 58
543 54
115617 66
590 71
154065 59
5553 58
41569 51
3286 47
6645 64
589 76
1920 47
2857 62
111663 59
78499 72
2657 64
6537 58
1148 74
46974 54
48516 75
80241 60
445 52
4262 68
3689 45
114935 67
6428 59
127194 59
109673 54
127096 62
89388 59
4156 59
3793 66
33679 48
2014 55
64285 62
3968 47
49530 67
3450 53
160563 58
5502 61
8169 62
6314 54
122490 59
3386 66
140725 59
4896 62
2642 44
127136 61
2763 66
2520 59
457 68
48783 64
3263 54
5400 49
5541 58
4011 71
58351 59
127132 59
152091 58
3698 60
435 39
4799 56
84152 67
3401 50
2858 71
3174 55
7076 63
106542 59
6218 57
2860 56
1283 74
3618 59
2616 54
90439 59
2404 39
4660 59
2530 46
26386 59
4327 63
3030 68
71464 58
32 76
91529 77
4158 53
99114 71
98585 60
93326 49
2268 63
80489 65
130576 55
105504 76
2791 69
50601 51
7007 58
4234 57
3623 46
80727 60
78467 49
8641 63
4128 69
106782 68
2537 49
112138 64
3247 47
112818 61
2027 44
3101 49
5779 59
82202 52
1704 70
98296 59
6863 56
89305 58
4203 60
1201 76
6212 55
637 47
84954 53
6814 59
94864 57
67695 57
159077 59
92439 61
6812 54
3156 49
802 58
118354 59
134130 69
138036 64
65135 59
52975 61
4368 44
90717 59
45722 63
79259 59
68157 71
4233 43
74458 63
3258 53
1262 76
3949 76
101025 50
69526 45
1831 39
1083 57
1884 72
1476 62
156609 51
3755 56
111659 49
4734 57
161 59
95201 59
135887 63
2598 48
87232 63
4634 63
5334 57
5459 47
146730 59
72694 59
157432 59
132488 59
4558 44
1375 59
6424 59
71518 59
2716 68
94780 54
3593 31
129354 55
158 50
1409 52
6514 59
2881 48
51662 60
90522 56
68554 57
2126 50
122932 59
93510 63
137857 63
125916 51
2953 51
2090 59
1760 33
480 65
58803 63
2109 63
50792 55
46062 52
85510 57
80864 59
112171 56
122900 59
2587 56
1527 64
117529 58
4993 67
92264 58
5247 57
533 49
912 75
26464 59
2249 53
4678 60
103772 60
114601 59
96861 54
420 48
59615 51
2349 60
109372 59
95207 54
348 59
19 45
136020 50
4502 51
91094 51
138208 59
3511 49
79428 56
2643 36
109183 59
2139 64
4212 59
5942 57
96417 56
112852 74
99728 60
89470 61
142448 57
64983 57
2640 65
2046 57
4881 67
3882 48
3744 46
1032 64
116799 63
5 57
4040 47
157407 59
2115 65
1617 75
4367 43
105254 59
3388 48
3760 62
2146 63
2968 67
6281 53
466 48
96448 59
86332 60
64969 61
115170 59
1036 66
3397 65
2474 59
1408 65
155743 59
106920 72
8542 59
120466 58
2051 49
7143 71
7150 55
89087 53
34150 49
2253 37
2973 71
449|8
1917 55
2502 74
4034 70
1222 77
2770 53
762 44
2011 65
2324 80
450|11
3977 63
589 85
110 87
3363 85
3535 79
3948 79
3409 65
1035 89
3568 76
358 68
1259 87
451|7
733 78
593 88
7 69
5 63
494 74
25 79
17 82
452|20
4025 82
2858 94
2617 85
5292 93
1206 97
1676 84
3219 81
47 96
3101 80
163 91
1092 81
1917 82
2126 74
1356 95
552 82
2628 82
1200 97
608 97
2707 85
3273 70
453|20
208 68
858 91
2335 71
4022 83
3618 76
1617 93
3452 70
1357 79
112 82
2671 81
1884 87
1894 61
2294 72
318 96
1614 70
3534 69
2959 96
798 64
5266 70
780 81
454|9
7361 81
2692 81
7116 60
55820 74
6016 83
27773 81
2160 80
2858 76
26131 73
455|12
272 76
432 57
367 62
590 76
253 71
364 79
555 75
252 67
110 81
225 69
588 73
597 69
456|9
1407 77
634 70
135 68
5 68
724 68
780 77
733 75
260 89
706 78
457|10
329 65
3593 40
2692 81
1356 79
223 76
2394 73
2701 50
3608 62
733 69
2094 61
458|12
597 84
185 73
10 85
380 77
95 68
454 80
300 80
595 83
153 72
587 75
150 91
552 73
459|6
79132 91
5618 94
8961 88
48780 90
50872 86
260 89
460|17
89039 77
4886 85
4703 75
3831 80
1441 80
4878 86
3483 71
8970 81
1 83
49272 86
40815 85
85414 75
68237 85
76093 88
47610 81
63082 86
2571 88
461|6
74458 58
2762 62
1036 57
91500 49
3578 62
539 59
462|20
26838 63
89090 63
164655 63
188189 63
1136 80
1219 78
158966 74
1248 81
508 71
1653 69
1674 70
8917 70
8620 58
3424 75
2146 65
7044 69
3814 77
1213 81
82857 63
26131 69
463|7
6377 83
2028 87
4310 65
3753 74
2006 65
1092 71
5995 83
464|20
1370 74
58025 66
63853 65
296 90
2019 88
3527 74
5254 64
7007 73
1101 77
1779 61
377 72
1653 83
55820 83
648 70
33493 74
1610 80
65088 67
74727 73
1617 81
62374 76
465|20
2941 83
2987 80
1200 86
3448 83
5060 85
1299 88
3703 84
3649 70
1625 80
292 76
904 94
3101 73
1754 79
750 96
1256 84
593 91
3732 78
3740 85
3334 86
377 77
466|20
5418 83
30793 74
79091 79
92259 88
5989 84
5459 67
318 89
63082 86
59784 76
5010 80
74458 84
6281 71
5952 82
8529 73
64716 83
68954 85
4993 81
45447 72
81845 84
55247 86
467|22
41 75
58 80
389 70
466 59
527 84
593 83
780 69
1183 74
1233 84
1357 79
1365 71
1408 79
1721 69
2028 82
2125 76
2324 82
2334 63
2384 60
2390 74
2393 66
2394 71
2493 70
468|7
592 70
349 69
1 78
317 66
296 82
32 77
165 73
469|20
3658 70
3832 70
3507 81
3032 75
2736 75
2132 79
1958 79
910 88
1090 81
1485 59
1388 61
2321 75
1234 79
2081 71
1193 83
36 79
2908 80
909 76
2023 69
3255 72
470|16
253 69
318 88
110 80
588 79
282 64
5 61
597 71
32 78
595 80
592 71
500 72
26 73
356 83
357 71
434 63
300 73
471|6
2571 78
8874 79
527 82
1 76
8360 70
7147 74
472|6
58559 88
3450 75
3298 81
2840 66
1221 87
858 90
473|8
4979 72
2959 86
60 62
7147 76
6281 64
3897 76
48322 73
2596 69
474|422
638 66
2179 66
2697 66
4046 66
5114 66
5311 66
5353 66
5455 66
5601 66
6201 66
6273 66
6382 66
6407 66
6592 66
6912 66
7702 66
7826 66
7832 66
7839 66
8057 66
8446 66
8458 66
8459 66
8611 66
8650 66
8774 66
8938 66
1466 69
6708 70
2940 71
2616 59
2334 65
7139 67
4218 66
371 67
750 87
2935 71
8645 71
5481 52
6370 70
25865 66
2553 67
912 84
2467 72
5548 66
7301 67
52967 65
5945 65
480 71
1983 57
3462 69
1068 66
8600 67
6650 70
8482 66
6791 72
4016 72
1784 72
3668 67
3977 54
8961 75
4160 68
30820 66
6984 66
2750 63
5034 62
7716 66
2612 66
4419 75
1300 73
4187 69
1187 66
6565 75
272 77
5440 66
25937 65
1099 64
3125 66
5826 66
5649 66
7256 70
4912 69
6016 76
1208 82
2083 74
3385 58
2310 66
3360 67
3163 68
1413 68
4081 61
1643 68
968 72
2116 62
26965 68
5954 74
1263 76
5116 66
3536 65
8778 66
63433 64
2952 70
318 80
3394 60
1200 81
3384 71
4356 72
932 75
7698 66
516 62
4873 64
48385 63
39869 70
1902 66
2641 63
7036 64
2181 68
4638 57
31116 70
2455 61
2146 61
628 75
3897 76
1030 59
4022 74
344 55
3196 73
92 59
237 61
6770 66
3259 61
3368 66
26151 66
1293 73
34072 71
3044 66
1639 62
5944 63
6539 72
477 64
7361 79
55687 66
58 76
4014 65
3467 68
8154 69
4191 61
2134 58
4644 70
4293 64
5013 77
1399 63
1196 80
2918 74
5899 68
4465 65
100 55
361 62
3341 75
8921 66
195 64
3789 66
4709 65
1588 61
3468 80
4678 64
2723 60
2118 71
1939 73
7019 64
3147 73
1792 60
33903 70
1682 71
41566 69
1693 64
1957 72
5021 66
2313 70
3870 66
948 70
47099 75
3447 67
6614 64
216 58
5619 66
3987 58
5060 74
3111 71
45950 68
32584 62
5525 66
2567 53
5956 68
7 58
1172 81
3217 66
8331 66
587 67
5238 66
1189 72
2416 59
832 70
3095 75
7386 70
1223 77
7058 66
5246 59
5418 75
27803 73
26 69
4002 72
1135 64
45 68
6945 69
2411 50
2520 66
7347 71
5375 66
5673 70
3039 67
7833 66
33781 65
720 74
2103 63
33154 70
608 85
1327 52
101 78
7061 66
5451 63
5682 65
5434 67
6609 66
31658 79
4578 63
2009 65
4704 66
7572 66
4929 61
3306 68
6334 65
5379 72
5437 65
42418 69
4128 68
7451 76
2786 53
2243 64
27846 70
6197 66
3264 52
3608 62
5603 68
6124 65
1222 75
1663 62
3566 57
3755 64
2628 64
4815 61
2089 66
7102 62
27706 64
7013 71
1348 69
45666 55
5755 62
4055 70
2058 66
4462 61
1544 53
2405 56
4998 66
273 59
1977 62
1732 79
7822 66
7073 66
41527 67
4787 67
1676 58
3708 62
6669 70
317 60
25940 66
971 69
7366 60
3115 69
7026 62
2710 59
50685 71
2114 71
3809 60
3516 65
2770 61
535 67
4878 77
5992 71
41997 71
1083 64
4487 65
7293 66
1016 64
2006 68
1007 62
4993 80
3412 69
5007 66
3929 64
6639 70
8712 66
1876 63
3546 66
34359 66
7579 69
7325 68
6837 66
2634 65
7753 66
8943 58
8385 66
4308 71
3246 72
3745 72
1148 75
42002 64
50740 69
3952 61
1927 76
7581 66
910 81
3948 69
54881 75
1284 77
4007 70
5341 66
3675 73
52975 68
6244 66
965 69
454 65
1247 76
7215 65
1282 72
8207 73
6242 67
6502 77
4509 66
3528 67
2391 74
4262 75
4039 72
42018 58
3271 73
976 66
48394 75
5384 66
5168 66
1358 74
6534 59
8773 66
2384 62
48780 71
1269 79
4600 67
2642 46
111 75
933 83
3578 75
5297 63
944 68
6020 66
2123 57
748 59
4896 80
5380 72
53953 64
3712 65
25996 66
1997 72
4464 70
4085 64
51540 71
2707 62
2069 68
6710 69
1488 63
6378 68
928 75
3038 71
7116 63
44511 66
594 73
1962 70
421 65
4316 60
2761 82
4823 55
892 71
1345 65
5294 75
1408 78
6579 69
3272 66
3421 68
3844 69
6787 73
37736 68
2249 66
1610 75
2468 52
3498 73
4902 68
6268 67
5225 72
5404 72
929 66
25999 66
7835 66
805 69
4126 66
475|20
6539 93
4993 98
87232 91
40815 92
5816 89
8644 83
81564 85
4701 85
81834 93
6564 72
68791 85
111759 91
7153 98
1527 90
71530 80
4896 92
106487 87
112852 96
3578 97
82461 82
476|14
594 80
34 81
380 75
158 63
153 64
586 69
440 76
364 84
378 72
357 75
224 76
165 76
296 88
11 77
477|20
34 79
913 85
3100 84
2105 73
1271 73
1207 84
70687 68
2174 75
45672 72
4571 76
3973 63
4226 90
1103 82
5291 86
348 79
3593 46
1 82
1274 82
6502 86
59615 67
478|5
1917 50
3114 67
594 60
1584 63
1101 58
479|20
5365 66
4488 67
524 70
1025 73
3707 49
1220 75
4010 64
3244 69
3526 72
4092 65
1968 80
4700 70
4003 66
3671 77
2671 65
341 66
2012 61
2542 72
454 61
2384 54
480|20
43914 64
2700 75
8533 73
2193 69
2797 73
3484 53
2571 80
1210 80
2596 68
8866 60
47610 66
6306 66
5379 71
2018 66
7153 80
3911 70
44191 70
38061 74
5673 67
380 61
481|7
1608 56
1687 52
1629 54
1729 62
1620 49
1597 49
1485 52
482|20
2068 70
8985 58
1036 82
474 74
1042 62
4389 64
780 79
27706 65
3211 72
1610 79
4367 59
1374 84
1220 73
1602 60
653 65
592 67
30812 70
4862 66
8361 66
8529 68
483|20
105325 72
783 64
2541 74
2959 91
109971 72
45722 70
1199 86
50872 84
2000 75
4306 80
69757 77
2683 69
2273 68
1588 67
109487 85
66934 85
1721 65
2328 66
68522 72
8972 69
484|20
93320 75
1438 64
6155 76
6944 81
2706 80
33166 87
6874 85
3697 72
1059 86
76293 72
919 85
2762 82
1821 70
837 72
5810 73
1753 76
3254 80
4718 73
2413 75
3646 63
485|5
588 84
161 83
253 78
292 81
231 63
486|12
653 70
47 89
110 93
153 75
474 83
95 73
288 68
329 80
161 79
318 98
292 75
6 88
487|12
27611 58
8961 63
318 71
1198 68
31658 70
1197 70
6539 63
5445 58
116797 68
4027 67
8874 67
86377 65
488|20
720 84
838 72
608 81
1223 88
26 74
5135 77
2109 65
7720 66
7303 73
4014 78
5995 81
457 83
105 75
1136 86
272 73
1269 78
3176 73
1278 81
1125 74
910 85
489|20
79536 60
86000 60
4848 69
736 53
8387 46
4700 62
45666 48
4720 62
2683 54
2021 65
2389 43
1619 51
950 64
58559 81
2236 57
2167 52
1616 49
247 73
376 60
2717 57
490|20
46578 69
89492 65
81591 67
91077 69
60074 52
5816 63
4144 70
54001 68
1 66
1784 66
7153 73
4993 76
89759 66
86320 58
60128 60
76251 60
8368 68
69122 62
2006 49
78499 71
491|13
106782 90
69757 91
7293 87
27808 78
4246 90
3948 81
104374 90
86833 84
140110 83
8529 81
180231 82
4306 90
88405 75
492|20
736 81
784 69
628 87
858 92
852 71
64 73
990 78
830 79
743 62
62 77
52 78
1499 58
66 73
1210 85
881 74
1474 67
1405 65
724 79
1047 77
65 67
493|13
2985 66
4444 67
2916 71
1275 71
2571 80
1527 76
2028 82
3793 74
2167 64
1215 79
4701 64
2924 80
260 82
494|5
1196 88
4498 70
3578 85
2028 87
1210 88
495|20
140523 77
115149 82
1259 87
1721 72
136562 78
80489 83
19 60
50872 88
231 77
102123 77
52319 78
7254 82
7360 76
8528 85
1645 82
46578 94
30810 75
2918 84
148626 87
56775 77
496|6
1221 77
99149 63
858 79
904 78
8865 54
114713 62
497|11
1193 77
112556 72
112290 71
1916 64
92259 73
2329 73
112552 74
1258 75
2762 69
5349 58
111362 69
498|7
344 72
231 75
648 84
10 85
300 81
356 95
316 74
499|6
1202 76
2337 71
38304 78
327 66
56286 74
1304 84
500|18
2599 66
2987 63
543 60
2700 73
2542 72
1265 70
2916 67
356 73
3301 57
1784 68
1914 64
595 64
2355 62
3536 64
1885 58
322 57
838 68
720 75
501|9
6 78
62 69
93 59
45 60
3 59
637 59
11 67
18 68
662 64
502|7
7236 71
1077 79
4412 65
3469 69
2001 67
2520 69
1777 66
503|19
7455 63
7361 82
4878 72
356 75
91500 56
593 76
527 71
858 82
4226 75
1259 74
1342 62
2877 62
92509 62
90866 68
500 62
441 79
48516 78
2858 78
48394 74
504|18
4995 83
5812 77
2321 76
1 79
3556 81
7153 84
6708 76
1288 85
6927 73
4033 78
4700 68
6565 80
342 66
3408 75
6879 74
4361 74
5952 83
5955 74
505|7
1241 86
4105 83
1029 81
74685 77
273 67
6502 86
54999 80
506|9
59258 58
54272 65
37741 72
56782 78
62293 65
51834 62
49286 63
112556 74
61024 67
507|5
165 65
266 60
253 65
377 65
593 77
508|5
2872 48
2011 54
1952 51
1175 53
898 58
509|20
26958 63
130073 63
2028 74
87232 68
33830 66
5313 50
48 58
2090 61
2080 63
6942 69
8907 49
6156 59
5816 69
39 62
3988 55
6807 75
7458 63
1196 76
45447 57
616 66
510|20
1882 32
7026 49
35836 53
494 54
1198 68
514 60
457 66
2935 66
858 70
2699 44
317 55
8949 57
2918 68
145 45
1262 75
6787 68
1208 72
372 51
1242 66
40819 62
511|11
2959 92
53953 73
115149 86
164179 86
6534 63
99114 88
92259 91
318 96
2324 90
1653 89
56757 81
512|10
480 77
150 78
349 74
47 85
350 72
442 62
457 82
50 88
317 66
593 86
513|7
5952 81
318 89
2174 73
235 76
1304 82
1220 80
1080 85
514|20
1335 64
5704 64
62586 64
168358 64
180263 64
1704 79
2005 71
2792 59
2013 56
1673 79
134130 75
76093 72
1333 67
58998 75
68157 73
2406 66
3210 71
54503 71
4855 71
1644 46
515|6
33794 94
2028 96
527 99
91529 96
58559 100
2959 98
516|26
260 83
457 79
480 74
647 70
708 69
1042 65
1090 79
1197 84
1198 84
1954 78
1958 77
2021 72
2259 67
2268 77
3052 74
3471 76
4027 78
4291 62
4306 78
4321 69
4322 74
4333 66
4337 70
4349 72
4361 73
4429 72
517|20
4306 51
53125 42
1265 54
165489 46
97938 53
88744 47
86880 55
4148 38
26761 46
3398 52
1293 63
3988 36
2858 41
4963 49
1204 54
1704 60
47629 56
7669 57
1206 43
46578 54
518|5
3101 62
2657 64
783 62
1876 58
6365 68
519|6
1704 91
356 93
140110 83
6378 86
7445 83
1968 89
520|20
7266 75
318 90
1049 76
59315 80
4995 85
32 81
2716 84
4333 69
1291 87
1732 81
4085 74
2723 73
3081 71
3994 74
33493 73
135 62
2393 66
60516 73
2406 78
1584 75
521|8
661 72
112 67
86 80
104 72
58 85
79 62
52 75
852 67
522|20
99114 82
81932 77
89492 78
63113 71
2959 88
1193 82
1375 68
4993 83
223 76
27611 72
76060 70
180 73
59315 74
1617 85
10 70
67255 78
2023 73
6187 75
318 88
127098 75
523|15
168252 97
8970 88
5989 95
318 100
91529 96
1721 88
293 97
65261 94
4270 81
3147 98
27731 90
134130 95
31696 87
527 97
101962 87
524|20
1356 82
150 71
552 64
748 66
344 62
442 61
253 66
1225 83
20 52
589 79
1242 80
544 63
173 56
1302 66
380 70
457 77
1020 62
788 58
193 47
466 57
525|20
120807 68
317 62
6863 70
8622 72
33004 68
7147 75
2396 76
40815 74
137337 69
1639 68
1968 75
91869 68
45880 68
2100 61
339 68
4886 76
50872 76
86332 68
8983 72
3996 75
526|12
593 87
55247 84
46578 84
176415 74
1295 72
90430 77
4014 78
2352 78
176413 74
215 81
81845 86
51255 84
527|20
2137 76
3114 87
3210 81
3016 74
2161 83
4571 83
2118 87
3421 84
455 56
2867 86
2450 52
1909 80
1214 94
4299 71
736 76
2477 76
588 82
4016 74
1259 88
2533 74
528|15
4886 68
2278 64
80906 72
4037 64
1240 71
64614 68
3821 48
150 70
1291 74
80463 74
593 78
99813 69
85342 68
48516 75
58559 72
529|5
653 61
135 58
65 49
62 69
733 67
530|6
292 72
500 75
300 77
586 68
593 90
11 77
531|5
593 88
590 81
919 81
480 82
1215 84
532|10
1721 77
4863 81
457 86
290 86
1245 90
1242 91
2023 82
2329 91
1304 88
517 77
533|8
1200 89
6502 92
79132 94
46578 91
93840 91
4973 93
2455 85
66934 89
534|20
116724 76
97913 79
94953 76
2003 76
2167 80
7569 82
153 67
1485 74
65514 81
104218 73
344 74
2571 89
5445 78
95875 72
112818 78
82461 73
96610 77
2987 78
138036 79
1566 81
535|6
2571 66
2581 47
2700 64
2688 42
2583 62
2882 55
536|8
232 74
272 70
356 74
335 65
225 66
150 71
434 57
589 70
537|10
80906 89
367 74
7153 83
53322 79
104218 76
97304 73
6539 85
318 87
89745 85
105504 82
538|8
595 86
3671 91
80549 90
4039 80
69757 89
5047 77
44889 82
66934 89
539|8
4306 78
6753 72
5218 76
50872 77
88 63
3301 74
4886 78
69122 74
540|9
2598 69
2959 93
1073 87
8874 88
1681 68
2183 82
2841 78
2747 72
1196 93
541|18
590 72
457 80
413 55
15 62
110 77
595 72
597 68
480 74
356 82
203 66
529 75
357 67
22 67
345 70
546 45
586 55
281 73
350 69
542|20
6539 80
30793 60
5299 63
2542 74
34319 70
33679 64
4963 79
5481 59
1997 69
4025 58
3623 52
924 78
4369 60
6378 76
2571 81
7254 67
41566 64
37733 65
7361 80
45517 71
543|16
73881 85
1702 79
595 95
3301 86
231 80
2378 83
2379 68
86882 84
6377 93
588 94
377 91
48385 70
2571 99
4526 79
4388 70
92259 98
544|22
1 78
3 67
14 72
32 80
40 72
62 72
68 66
95 61
116 69
619 61
626 70
648 70
650 64
694 62
736 65
780 69
839 61
1042 65
1047 66
1059 75
1105 71
1356 77
545|5
1438 59
1267 83
2763 77
1367 60
44 50
546|13
1270 77
3328 73
480 69
1970 68
2456 61
1976 65
589 73
2657 67
1673 73
3941 68
3959 70
3566 59
1977 65
547|5
1211 81
2859 77
2917 81
1394 85
1288 89
548|26
69 75
260 83
356 82
733 73
1196 83
1393 73
1477 70
1621 66
2571 82
2716 77
3263 64
3578 79
3916 75
4776 76
4899 54
5955 71
6874 81
7458 71
8531 66
49910 70
58559 84
74532 65
80862 71
122904 77
125916 64
168712 70
549|5
2571 78
2028 74
4226 79
1210 68
589 71
550|6
167296 77
102125 80
106782 86
116797 85
112852 90
122882 85
551|20
5010 74
34162 68
60069 80
1544 72
45186 71
103772 69
51935 79
4226 72
2353 73
7153 75
5989 81
135569 69
115149 73
88129 68
134130 80
6934 69
47 75
4701 67
2959 77
98809 76
552|20
2916 69
3317 73
1405 53
2953 47
2245 57
2944 70
2890 68
2125 66
508 64
3948 63
5349 70
2959 82
2857 61
173 46
2991 65
2871 69
2628 57
4308 64
4878 74
3101 56
553|17
55765 88
3481 84
1923 79
2571 91
4011 92
50 93
3949 91
1089 93
44199 88
5513 79
2231 87
2395 79
3052 88
61257 79
1221 92
33166 87
2959 95
554|18
1196 84
1022 83
2820 76
1207 89
1517 75
1282 81
1210 87
1760 55
2282 68
1225 86
907 75
1358 81
2096 78
1028 87
593 89
608 84
953 92
2324 85
555|20
790 70
3664 70
1 80
3111 76
3395 70
104 77
1334 66
2506 65
2072 74
4002 74
1266 83
2641 70
2256 69
2791 79
2701 43
1333 78
1320 63
337 77
1393 78
3526 74
556|7
162600 78
122890 77
3081 78
88125 85
588 83
72998 79
74789 68
557|6
648 73
231 60
1291 80
260 81
1210 81
150 81
558|12
5329 73
5064 82
4903 79
2297 81
2568 71
4993 89
4306 82
367 72
5283 74
1097 88
4164 80
5294 88
559|20
552 61
608 80
355 46
329 66
544 62
1527 75
173 56
377 68
745 80
174 57
529 75
350 66
349 70
533 59
836 57
1210 81
420 54
786 61
227 53
253 71
560|20
5839 68
91535 63
136018 65
67997 75
79132 78
3253 70
142558 68
2355 72
39435 66
1527 72
40414 72
64614 77
48744 69
56587 67
593 82
76251 72
84944 72
109313 68
5878 77
40819 75
561|20
168174 66
5308 58
78469 58
3703 77
60069 74
91535 59
2105 62
73017 73
5445 68
2000 73
83134 70
79132 76
79592 61
80463 76
89745 74
527 77
8972 62
353 68
33162 65
68157 77
562|20
27140 77
6870 80
6377 87
2580 88
1249 89
4776 84
36529 80
1259 86
1982 78
2268 84
2133 78
83134 81
3210 80
48394 83
30707 85
33836 65
2692 84
88163 88
99191 77
1240 81
563|20
61071 66
70932 66
80858 66
919 76
74450 65
588 71
5943 50
118997 61
86833 70
1197 77
128832 66
85397 66
45221 57
33499 61
7380 67
96821 76
81784 63
95307 61
65585 65
55250 61
564|20
50942 70
356 77
31685 70
131013 71
61024 78
79224 67
87869 78
500 67
108156 70
81784 67
93270 55
6188 76
106918 76
65230 65
67087 68
80693 66
94677 70
8984 65
73266 69
2671 70
565|6
590 77
231 65
19 55
21 72
50 85
539 71
566|15
648 71
10 71
231 57
329 64
342 67
141 69
203 71
345 74
39 64
497 77
265 77
588 71
708 66
353 71
2 72
567|20
8189 45
26743 45
92681 45
109897 45
152071 45
5690 57
136602 47
122888 45
6333 52
1274 62
122922 51
153070 45
151687 45
117877 45
108928 41
954 58
122924 44
27773 58
648 45
135887 46
568|23
50 84
147 75
296 83
356 82
480 74
593 83
765 64
1103 80
1104 88
1257 75
1298 75
1895 70
2313 76
2359 72
2863 71
3053 75
3148 77
3261 69
3363 78
8169 73
46723 71
63853 65
65088 70
569|5
231 79
50 93
380 82
588 87
592 80
570|20
208 54
8636 73
48516 78
1225 77
586 56
2683 61
457 73
1196 77
110 76
4993 75
7361 77
1198 79
1079 73
10 66
3793 70
1391 58
589 73
380 65
527 80
185 57
571|20
1331 55
2982 55
2366 64
1128 47
610 50
2902 49
1998 43
3696 56
1980 55
1987 55
70 53
1924 52
2279 46
1327 46
3732 55
1972 42
1278 63
1644 30
2327 57
1978 52
572|20
1961 87
2570 73
2788 85
2321 68
111 90
904 93
2987 79
2302 73
1834 82
2539 64
2917 81
1307 82
1 82
161 75
3421 84
838 79
1356 82
2006 72
3167 76
1953 88
573|20
89745 89
72998 82
3752 77
356 98
7293 86
6754 79
8665 85
32587 84
1073 90
88744 86
1127 80
68954 92
98809 89
2640 81
48516 96
71535 88
59369 78
60069 90
88140 81
1562 61
574|23
47 79
110 79
150 76
153 60
161 73
185 62
225 70
231 63
292 68
296 83
300 71
316 67
318 87
329 67
339 69
344 63
380 69
410 64
434 62
588 75
592 69
593 83
595 75
575|8
2566 64
2580 74
296 78
2581 52
2572 62
2542 77
2574 54
2598 58
576|5
849 60
1321 62
1373 54
1479 64
2289 68
577|20
2415 67
1183 73
1288 79
1129 64
2944 76
2194 74
733 72
1213 81
2076 68
2020 73
1262 83
1931 74
1391 58
2987 70
952 75
1909 63
260 80
919 76
2248 75
1270 80
578|6
6751 79
52668 81
45668 76
830 76
72407 69
75446 79
579|15
3174 82
2485 71
1022 77
2018 74
838 85
1917 75
1391 65
596 69
1573 75
2965 78
1653 85
2599 73
892 79
2687 77
595 85
580|20
5767 68
6583 68
480 71
8844 68
6989 67
3809 69
41569 67
3699 62
4041 70
33166 71
356 80
508 72
8376 62
3578 81
608 76
3785 58
3089 76
1320 63
54286 75
1201 78
581|8
7153 90
5995 85
4973 92
116797 87
3949 85
4306 87
109487 85
6377 88
582|12
91529 85
2959 89
116797 83
4993 86
5618 86
2571 85
76251 77
69844 83
104841 76
48516 87
97752 77
76093 84
583|12
8533 65
88405 63
2706 64
117590 73
317 60
60756 72
6942 74
595 68
46578 75
104 64
2694 59
7451 76
584|17
288 75
22 83
203 81
315 74
500 80
316 80
539 85
234 66
296 92
257 86
434 78
586 77
338 72
349 89
282 80
480 86
590 93
585|13
3173 71
1228 91
54503 86
2959 92
428 81
1405 72
7254 78
441 83
1805 68
296 92
27373 78
5325 81
79132 89
586|20
34332 82
4016 87
111659 69
106002 81
149406 82
167036 87
45499 79
136556 83
5445 83
117851 82
1291 96
71264 89
106489 84
135436 80
3753 84
2640 86
3147 93
122916 93
3793 89
101362 75
587|20
1234 87
628 74
2012 78
534 78
2002 67
1641 80
236 78
1376 80
2622 73
1541 68
3260 86
497 84
3082 72
445 70
3448 83
2574 67
765 68
691 74
329 80
3406 74
588|12
50 79
16 72
20 50
356 81
350 60
198 66
593 75
364 76
163 67
253 62
223 71
3 61
589|8
1092 73
318 94
590 85
373 82
586 70
587 78
527 86
337 83
590|20
924 79
8807 66
2371 65
38061 79
81834 75
40815 73
4890 61
903 76
5 53
3624 58
555 71
4047 71
51662 70
2085 66
419 53
595 72
329 64
2376 63
3635 67
2398 74
591|11
2908 64
2706 75
2712 55
2355 67
3615 62
3578 77
2394 66
3798 64
356 80
223 71
2724 50
592|19
514 77
2 76
153 65
415 63
110 82
177 66
420 61
380 77
44 54
788 65
588 84
163 74
204 54
610 75
39 74
419 63
253 75
432 63
240 71
593|20
1196 73
1073 69
1086 73
1617 73
4034 77
41566 60
1197 77
344 55
8368 68
339 59
2959 76
8961 70
5816 65
2797 69
4896 68
588 65
595 66
5952 71
377 62
141 57
594|20
7031 80
2671 83
7115 80
1616 76
5943 69
1188 77
2269 78
1733 84
4902 81
6996 60
780 85
1429 77
6140 80
7046 64
39 73
595 88
799 83
2028 87
8482 80
7169 83
595|5
265 82
50 93
1186 81
1199 89
1966 78
596|20
33649 68
43744 68
182793 68
129397 66
128908 68
1 77
142488 81
122922 76
4310 59
71838 64
4025 60
2501 73
110102 75
149406 68
2774 68
5502 65
8665 72
6537 62
2571 77
345 72
597|20
1799 76
490 74
3040 74
2529 87
2858 89
903 89
3039 82
2000 81
1291 87
357 79
1228 90
1845 89
2411 66
1580 74
1148 90
1198 88
2723 75
485 72
592 74
2692 90
598|5
56367 81
8360 75
593 82
114265 73
103543 72
599|496
26142 54
26567 54
26590 54
26676 54
26854 54
27595 54
34800 54
53450 54
60803 54
69131 54
74696 54
79895 54
84523 54
87960 54
92674 54
98799 54
102735 54
102852 54
104017 54
105020 54
122433 54
157865 54
158874 54
160978 54
161044 54
174727 54
179053 54
1801 54
6035 56
3387 52
33437 58
112 49
5995 65
167706 54
4394 54
836 44
7235 58
8809 56
102749 54
89087 46
42011 40
432 33
471 59
5628 55
1015 43
2 57
2269 49
69 64
3947 53
79091 59
104837 54
4037 59
7587 56
6881 57
1449 61
7225 56
81229 54
68952 61
4728 48
5081 53
33966 54
1779 46
3669 54
87197 54
170297 54
79057 54
95965 54
55207 54
4007 61
1220 63
80831 53
46723 52
71282 60
7757 56
3259 50
92309 56
1376 56
7192 52
4654 50
101423 54
53468 50
62662 54
3174 56
3698 52
2882 51
2359 54
1183 61
2792 53
1095 60
8387 36
53125 51
115713 60
2949 59
2471 33
3 45
1231 64
3861 44
240 53
1480 56
2301 59
1445 45
8045 54
586 44
2942 36
1185 56
4594 54
2474 56
3671 63
3196 62
64839 64
98697 54
2606 48
1777 52
5309 46
7022 72
4873 62
541 72
27311 59
43921 55
67734 50
4240 54
5026 67
168 40
33493 57
4125 46
7354 53
207 54
1094 51
742 47
1609 50
1042 49
3362 63
4553 58
4632 54
2278 51
468 47
122904 60
75416 54
42718 56
4285 49
79274 59
1794 54
45081 51
108192 54
3489 59
3503 61
89804 56
163809 54
577 45
3071 56
1204 77
3981 37
95771 54
45382 55
6548 46
59387 58
166528 64
168492 60
6691 54
605 46
424 47
2991 53
248 53
97950 54
3865 57
1216 53
342 44
35836 50
27772 49
176419 55
151781 54
277 44
6320 48
39381 59
5111 54
4090 54
2450 31
2676 54
2356 48
79702 60
1597 48
410 50
1721 55
3702 55
183301 54
1387 68
2072 45
26729 60
2393 46
4247 38
4591 50
1032 48
3087 52
1895 50
634 49
210 52
2074 57
51575 49
3505 62
5247 45
481 53
4215 41
1355 50
2657 55
2028 73
4011 69
420 35
552 49
1196 69
2395 56
5303 56
1752 47
3186 51
4310 44
1784 59
3200 66
7254 59
688 45
473 44
1079 71
1552 47
1148 70
1544 47
63113 55
2325 52
26649 57
6804 54
161 57
4109 49
34332 49
1653 64
4808 48
7707 54
3468 69
502 36
1221 75
1792 44
68319 46
6787 65
2119 47
3884 43
4254 35
3973 43
103609 54
8934 54
5377 60
42632 59
55290 58
4506 53
7840 56
5568 51
1689 46
7005 54
103228 58
59947 54
786 46
4351 53
172253 54
4679 51
1411 72
117630 54
1590 47
112623 56
3146 38
8984 49
1920 48
519 34
179817 59
3979 40
3741 62
44020 52
26630 54
7285 58
3030 66
1021 34
8638 55
87 51
7153 68
2877 51
2018 54
3173 49
5198 54
7101 52
7701 39
3213 64
26159 55
2339 54
33896 56
2000 62
4006 53
136562 55
37382 49
6645 60
171763 65
8528 59
27008 54
4017 58
4167 50
86142 60
1249 68
3255 55
736 48
2779 52
84414 59
27773 69
2083 63
98499 52
4034 69
119828 54
1993 47
94864 46
6631 47
2321 53
26242 53
3703 68
41566 49
2529 62
1968 59
8914 61
3257 45
159403 54
1036 65
76093 62
5103 55
6947 57
1952 67
2124 52
4084 48
6016 67
778 70
81 48
2171 54
1253 68
4275 52
7982 56
3723 59
849 46
2681 54
6565 60
39414 52
122916 58
6440 64
8917 55
72011 57
1605 50
1240 64
923 68
68157 67
5961 54
5053 54
3571 55
2403 59
3871 62
44238 54
72226 64
7004 42
2054 43
62970 54
5159 49
354 55
122924 50
48774 60
1394 66
3763 55
70286 64
1904 52
3969 55
81562 52
102590 54
233 58
4155 51
1031 54
76 50
459 45
1097 59
1178 67
60291 56
3328 72
1232 64
3036 59
5283 40
4327 57
610 57
2726 63
4732 41
5970 51
2396 62
594 59
1247 68
45499 51
3476 56
2399 47
137218 54
1997 65
3271 62
27801 62
6365 53
1799 58
580 51
122900 55
2803 49
80219 51
466 45
110882 56
3997 34
26176 54
2378 50
117895 39
26662 65
90603 58
119218 54
44 43
809 42
1960 57
4519 50
1959 59
414 45
1073 60
61236 53
1479 52
4019 63
1245 66
37857 59
161032 54
371 54
3020 55
88593 54
6774 61
2005 59
90405 54
26285 54
6793 36
627 52
1617 71
6734 48
108090 54
2427 56
51024 55
122922 57
3440 30
6874 70
4919 54
338 42
81591 64
1704 64
1499 26
357 53
62155 54
144 51
34148 54
53519 51
4504 54
2796 46
216 52
6827 46
1429 58
7445 55
1385 42
90471 54
8425 54
10 54
26542 54
7387 64
72998 56
89470 56
3629 62
1297 62
3424 67
1672 53
44761 65
196 43
70703 54
2383 45
180 60
4040 36
6333 60
4440 57
5291 61
88235 56
1639 56
4580 43
153236 54
86190 54
4477 39
103027 54
32291 55
34811 54
5171 43
122260 54
8784 58
5954 62
8798 61
707 49
880 43
314 54
61323 52
600|20
3269 52
1394 73
3785 51
2717 50
5569 61
4306 71
1206 75
56775 55
2015 61
7 59
2013 58
262 68
1210 73
1060 59
2431 58
2077 62
2423 70
4641 60
527 71
5076 58
601|20
141846 79
68157 90
1262 90
106782 88
60069 90
49272 89
5445 84
1193 91
1207 90
79132 91
904 95
166024 81
1917 70
7153 92
2324 91
170697 79
31658 89
5989 86
88810 88
2571 92
602|20
161 63
19 55
350 63
494 64
14 67
471 70
125 69
434 58
235 74
481 66
315 57
371 63
474 69
527 81
21 69
349 66
440 68
339 65
480 75
163 72
603|20
602 67
803 67
2008 67
2577 67
3459 67
4787 69
2912 79
1769 53
485 65
4420 67
920 72
1 74
2706 67
1844 71
3787 69
1222 81
190 69
2716 72
3983 77
101 84
604|20
220 72
292 71
151 76
329 67
410 60
426 73
435 56
316 65
22 73
235 72
181 52
332 69
273 60
637 64
285 72
173 63
588 73
23 70
553 75
1 80
605|20
35347 65
6787 77
1197 81
5667 65
42738 57
51662 69
7373 57
596 64
780 67
4571 72
2316 67
7454 50
150 69
60040 59
8977 47
3269 59
72982 65
1210 75
62376 62
60937 54
606|20
263 71
563 71
583 71
3808 71
4671 71
4840 71
5856 71
6111 71
6573 71
8685 71
32728 71
55805 71
3147 85
4392 72
2311 73
6308 64
50842 72
6591 80
8270 72
2025 76
607|20
891 76
1610 76
448 76
3147 91
1094 64
1307 78
592 70
204 54
1552 70
527 85
3476 75
296 82
2313 77
3440 57
423 70
1518 66
2118 80
2193 76
380 70
2028 87
608|20
52245 62
2997 72
3793 72
2763 66
174 56
2000 71
1214 79
919 67
2700 72
4161 62
5146 61
1639 70
541 74
473 56
2529 74
522 67
4343 57
1909 65
2431 62
1220 65
609|8
296 77
833 51
356 77
339 61
454 67
318 80
208 55
292 61
610|20
5953 74
58975 74
70206 74
78626 74
82765 74
97988 74
107447 74
107462 74
110591 74
110746 74
118082 74
139655 74
160341 74
86644 67
56801 65
61024 81
77561 77
4816 78
62434 76
3972 82
