1|20
260 97
1927 91
804 81
3 80
1009 79
2406 84
1587 82
3671 92
2617 78
3053 89
2571 96
1222 96
2137 85
1377 77
2395 86
2761 93
2641 77
2872 87
1258 96
2700 91
2|6
333 75
122882 77
71535 77
46970 68
58559 84
80489 77
3|8
5764 43
647 44
6835 43
5919 44
2851 40
2288 52
5048 37
4518 43
4|20
106 65
1291 76
3408 67
265 70
52 67
4347 67
2467 72
908 78
345 69
1304 75
1923 69
2959 80
368 67
1219 77
4765 68
1199 79
4166 62
1732 76
21 66
2858 76
5|9
515 74
1 78
364 79
608 82
290 77
261 76
34 73
318 87
21 70
6|20
349 72
318 88
775 71
141 71
348 75
104 70
327 63
410 65
165 73
87 68
366 66
17 75
1084 82
222 72
16 80
416 61
277 64
460 69
867 66
316 68
7|20
8528 69
3623 51
8636 70
8360 67
1517 65
466 53
8373 50
1220 70
7155 57
8808 58
6863 63
31878 65
1610 70
1219 74
4700 60
45668 62
8970 68
27741 68
6333 69
8865 54
8|10
356 82
47 79
231 63
318 87
454 72
292 68
32 80
141 70
380 69
252 68
9|10
5451 62
923 75
5890 67
2901 59
922 78
6044 64
1987 64
5378 58
3735 70
5447 63
10|20
597 64
33679 61
8533 67
8969 59
72720 65
88810 73
136020 58
6377 73
5943 50
109374 72
113394 63
61250 53
82167 56
140110 64
5377 70
77841 63
6942 69
1028 73
72330 63
66203 57
11|13
733 78
1584 78
1210 87
170 74
1438 64
648 75
1918 67
493 79
10 76
457 84
1693 74
150 81
1923 79
12|7
2717 78
2100 81
838 93
2072 81
1876 78
2581 80
6942 93
13|7
3717 69
3624 69
3798 69
2174 76
47 83
3893 74
305 67
14|10
344 63
477 69
110 79
540 58
597 70
153 60
592 69
4 58
539 71
105 67
15|20
91529 74
7438 74
111759 73
2329 78
1 73
1909 64
1240 72
115713 73
1200 75
293 75
2571 77
3949 74
120466 64
1198 79
2028 76
2011 66
158 52
160980 66
4306 73
4022 69
16|20
1230 74
78499 76
913 77
1136 78
1299 73
1617 76
1203 77
3429 74
2858 74
608 77
3683 75
4002 69
1199 78
912 78
2707 61
5782 71
1260 68
319 68
27773 74
2109 64
17|20
260 87
64839 82
296 88
5952 85
527 88
1193 87
3681 87
1240 81
2717 66
2858 84
1093 73
81932 81
5618 87
50 88
5971 83
2959 89
1201 88
541 87
82459 81
1 82
18|20
8117 71
65596 71
88094 71
145283 71
157110 71
166015 71
171023 71
103253 65
60684 79
44199 77
2 71
86628 71
59784 71
2918 79
109374 80
4226 84
53129 79
139385 79
47 81
1291 82
19|20
3692 55
3662 54
54 51
2733 53
1702 47
1240 62
1270 65
3712 54
1881 54
216 56
3 51
1834 62
2184 55
3017 54
2044 52
2354 48
2005 59
3146 41
3387 51
2694 51
20|20
1566 73
5419 68
4014 74
2140 76
586 65
661 70
3189 75
5014 79
1333 77
4161 70
3784 65
1030 63
5313 56
2804 82
2054 60
34 76
1097 78
6358 72
4519 72
1722 66
21|20
107013 64
117922 64
140301 64
57640 70
2985 64
2990 64
2717 56
5418 70
31433 60
112175 70
7153 76
30793 59
4446 63
52973 68
45186 66
2023 65
79185 63
1721 63
102125 66
5459 55
22|20
8961 55
2723 46
60950 48
64575 48
1193 61
70286 55
4993 60
2160 61
39183 50
7147 55
3996 55
3481 53
55765 56
48780 58
7361 62
51540 54
6711 60
2968 55
3949 57
48394 54
23|20
6234 65
3996 71
293 75
1206 77
1136 78
1960 70
7587 67
3424 76
3181 71
2467 71
1248 80
1617 77
6807 75
1952 77
6440 72
1258 77
1243 76
1080 73
8228 67
1711 59
24|20
1784 71
2617 61
111759 76
134853 76
58998 73
1265 75
1198 81
3147 79
1197 82
1220 74
2424 62
5418 74
72011 71
54286 72
27773 77
64957 68
356 79
44191 76
1682 74
68358 76
25|6
58559 99
60069 96
74458 94
79132 96
527 99
260 98
26|21
10 71
34 73
47 79
150 76
153 60
165 71
185 62
208 59
225 70
288 67
296 83
300 71
344 63
349 71
356 82
380 69
434 62
454 72
457 79
592 69
593 83
27|20
1196 82
2478 64
2640 73
3508 83
3555 70
1201 83
3519 67
969 79
2080 69
673 58
2886 63
2529 78
1387 80
1101 68
1947 72
1250 82
1276 84
3114 77
1083 68
3809 68
28|20
27450 58
60943 58
61011 58
63033 58
5617 67
59369 60
60046 58
507 56
3300 61
55094 58
59018 58
26695 58
2951 68
3006 63
2231 66
5418 64
26812 57
2058 57
353 64
61167 58
29|17
98961 83
7379 75
1250 87
1201 88
111362 82
48516 88
1100 61
26554 76
3441 74
4327 76
2872 78
2301 79
1617 87
3681 87
55820 83
4223 77
99114 83
30|7
5952 96
108932 93
1200 96
91529 95
116823 90
112852 97
1198 100
31|10
1198 89
1200 85
648 75
1363 73
1073 82
1036 82
1197 89
377 75
1246 84
1270 85
32|20
236 70
314 78
1356 80
357 74
224 75
627 73
1079 83
1084 83
318 90
761 60
1197 87
849 65
912 87
880 60
1198 87
58 82
203 71
608 86
497 81
410 66
33|20
110 81
17 76
2396 78
2272 71
448 72
428 76
265 76
1280 81
1177 77
1617 84
50 86
261 78
11 76
452 68
345 76
608 85
150 78
1188 74
800 80
2690 75
34|18
780 66
2273 62
3717 62
26606 68
45499 65
3996 73
4310 59
3624 61
31685 62
1721 66
5146 64
7090 77
70 68
2006 60
3000 78
4306 75
27728 61
3997 47
35|5
11 84
185 71
595 84
21 80
300 80
36|12
5171 40
3066 58
552 45
4025 42
1262 63
2735 41
2359 52
1372 50
1278 62
2194 60
3347 60
1704 62
37|5
344 73
356 92
661 78
329 77
457 89
38|16
434 56
39 62
223 72
161 67
246 77
168 55
273 54
480 68
356 76
457 73
364 73
50 78
500 62
300 65
551 66
21 65
39|20
2571 85
2391 78
1921 83
1862 57
1219 84
1907 78
2081 77
2459 71
924 83
2529 82
1729 77
47 83
260 86
2080 73
592 72
296 87
3213 82
610 76
589 82
596 74
40|20
440 78
454 78
588 82
339 76
158 64
432 61
431 82
186 64
616 80
514 78
21 78
592 76
1 85
223 85
585 65
216 78
104 76
371 76
111 88
267 68
41|20
96829 68
64839 69
122882 68
6287 54
1569 61
106920 70
86781 69
3160 67
1721 61
2028 73
6763 49
5418 68
53519 57
122904 68
55247 70
924 70
4011 74
2324 74
35836 62
5995 72
42|20
3869 76
4654 67
1021 56
2423 74
3248 53
4477 60
2500 60
1431 59
195 70
3326 73
2407 69
1090 82
2735 62
3693 64
1020 69
4545 69
4132 65
2263 67
3535 79
2805 63
43|20
225 92
296 100
596 93
588 97
587 91
420 78
158 79
631 85
5 82
597 92
168 83
355 72
47 100
367 87
519 73
594 95
236 89
1 100
60 87
259 88
44|10
36 75
663 70
12 52
661 67
94 75
1 77
104 68
112 66
494 70
889 69
45|20
2718 76
1036 84
2028 88
1653 86
1682 83
2396 82
3249 74
261 83
4308 79
329 74
1367 69
2890 81
593 89
1127 80
2431 75
6377 86
569 72
1197 91
1060 82
2858 86
46|9
590 85
588 84
315 70
208 68
1 87
432 64
225 79
434 71
339 78
47|20
508 63
68932 59
72395 60
2420 62
597 59
148626 68
5989 67
96588 65
69122 63
6155 56
4975 59
30749 66
106100 65
45950 61
2028 71
4018 53
1259 69
6373 57
33166 67
2407 56
48|7
4886 86
1320 75
1527 84
1193 92
3793 83
48 73
1653 89
49|5
2028 88
1214 85
139385 84
318 94
527 90
50|20
8143 53
114335 53
136564 53
142074 53
171759 53
175693 53
179073 53
175707 53
71264 56
82848 53
1377 46
44555 65
8157 55
6807 63
95543 52
8253 51
96610 57
924 62
32875 53
4896 59
51|20
7040 75
5620 67
2613 68
4437 80
2023 76
1500 79
522 77
858 91
4508 77
2951 85
1014 77
1407 71
2282 71
2420 79
3388 64
260 88
3186 77
3994 76
3501 73
2371 71
52|20
152081 88
51255 93
74458 90
1923 86
7438 92
40583 84
59784 82
55765 90
112852 94
86892 85
55363 89
112138 86
49272 93
52245 77
69481 92
50794 76
1704 93
54736 86
44665 90
47200 80
53|5
481 90
1100 79
249 99
1125 96
916 100
54|7
296 71
593 71
639 54
1 66
205 55
161 61
500 56
55|5
2407 51
673 42
3275 68
2890 58
4011 66
56|10
786 71
253 80
165 80
110 87
589 87
370 72
434 70
410 72
69 83
185 70
57|20
2140 70
942 73
920 71
3175 69
1784 71
3429 76
933 80
1193 80
3446 63
160 56
1499 41
2640 70
892 70
11 71
2947 74
6 75
2478 62
2291 73
1688 65
2301 71
58|20
588 83
282 73
185 69
419 65
367 73
277 71
48 71
280 82
337 82
345 81
3 74
357 78
527 91
587 77
218 76
500 76
508 81
368 79
364 87
353 83
59|20
1696 76
6460 89
3489 81
1188 82
1222 93
2076 87
3448 85
1263 89
1247 90
527 93
1244 91
904 95
903 91
965 85
2616 72
1953 88
608 93
105 77
912 94
3471 86
60|5
832 68
58559 82
805 72
455 51
858 85
61|8
266 73
1101 73
7438 84
173 60
555 81
2012 75
4878 85
3949 84
62|20
99114 86
176371 84
3793 82
56757 81
73017 85
30793 72
179819 73
68554 76
185135 80
168248 85
5903 85
4878 88
2028 90
5502 75
6058 72
344 70
1721 77
45499 76
41566 78
78105 70
63|20
5669 74
4246 72
48780 77
500 66
6016 80
31658 78
2858 77
64285 71
85414 68
1221 81
106696 70
4963 75
50 81
1097 73
260 80
110 77
1222 80
4979 73
5952 78
77561 68
64|20
5878 82
3101 67
2640 77
2959 88
8784 79
2054 61
4239 79
4025 64
5026 82
40819 81
266 71
2699 63
27266 77
3969 76
1805 65
6296 78
4776 79
3148 80
4262 80
356 85
65|7
1246 81
33660 80
7458 73
2329 85
4993 83
91542 76
3147 84
66|20
593 89
47 86
5418 83
922 90
2139 80
2956 73
3745 76
1956 82
4581 76
5349 79
1210 88
1094 75
2001 73
380 75
6539 83
671 76
1 84
6378 80
7766 80
296 90
67|8
99114 81
4306 80
27193 73
79132 83
60069 83
2012 72
4886 79
4993 84
68|20
47978 64
95218 64
6534 51
48696 66
67267 66
30825 59
1799 66
3556 71
8622 67
4351 63
63113 64
58295 65
7151 66
2413 67
6287 57
653 57
41566 65
5541 61
260 77
48043 65
69|10
4370 82
4848 93
3671 92
2476 88
1193 96
356 95
553 88
4022 87
260 96
3994 84
70|13
1193 90
1097 83
1914 79
1269 86
4995 87
318 95
8949 83
1968 84
1210 90
89492 84
1250 90
1235 91
2366 80
71|7
494 72
647 71
736 66
95 62
733 73
589 80
7 63
72|9
1047 73
150 83
858 93
2490 77
1357 86
260 89
50 91
1198 91
1196 89
73|20
1193 84
45720 74
105037 68
6333 77
59315 77
76293 69
138204 72
2706 71
152081 77
45221 64
68135 72
150 78
8376 71
93510 77
59784 71
116823 76
106072 71
1682 78
52245 66
35836 73
74|20
31522 79
2594 84
2908 85
30749 86
6870 85
3006 84
52281 83
49772 82
55118 89
2997 89
6305 83
608 92
4546 83
41863 83
27773 89
6001 85
1251 90
6552 83
46976 84
44555 91
75|14
5445 66
1240 68
5952 72
2193 64
6870 67
2529 70
168 53
541 74
3176 63
1962 64
2078 69
1889 66
1266 74
1374 68
76|20
48877 49
5956 59
2918 63
58803 59
1247 66
74458 64
7669 65
79132 66
8957 50
858 72
55820 64
1258 68
63436 52
1201 69
1208 70
48 50
288 53
34405 66
1 64
1196 69
77|6
3996 77
4973 86
7361 85
8636 77
3578 80
33794 79
78|13
296 78
165 66
3809 64
589 74
546 45
27904 71
260 78
590 71
480 69
68791 65
344 58
44974 69
380 64
79|13
3266 89
3029 77
589 88
1916 80
307 86
4005 78
260 91
1189 84
1345 78
2000 83
1374 85
2659 78
2076 86
80|20
7445 83
96691 81
84189 81
91630 85
49530 86
8950 90
6539 88
4223 84
5630 81
3527 85
76251 85
80363 76
52604 85
6502 90
34048 77
1221 95
60684 89
6952 75
5989 90
77561 82
81|26
10 71
32 80
47 79
110 79
150 76
153 60
161 73
165 71
208 59
231 63
288 67
296 83
316 67
318 87
329 67
344 63
356 82
364 79
367 66
377 71
380 69
457 79
480 74
588 75
589 79
592 69
82|20
6886 69
2381 60
2378 63
6566 65
368 71
6536 71
3253 71
4310 62
1608 68
1372 69
145 64
356 82
6708 73
1485 63
4369 62
6564 54
6888 49
5803 58
4015 56
364 79
83|20
56367 68
7143 69
7323 64
6539 68
161 64
586 53
2115 65
1270 71
6874 72
2324 73
1537 67
7153 73
68954 71
48774 69
30749 68
8014 70
1222 74
3753 60
1223 76
64983 59
84|20
55 71
987 71
912 85
1096 76
420 57
1227 81
113 68
580 66
5060 79
1293 76
900 73
1097 76
62 73
368 72
1305 72
1247 81
1296 76
11 75
1073 78
1094 70
85|7
1519 71
1624 69
1140 71
1694 65
1643 72
1747 70
1635 78
86|14
4993 86
4310 67
6947 78
2411 63
457 83
5418 81
3996 81
4901 75
1835 74
33794 82
1196 87
3555 75
1097 80
2687 74
87|5
4023 67
2009 75
3504 84
671 75
2139 79
88|12
7312 74
74795 74
4993 86
68157 86
5952 85
1193 87
223 82
8665 79
4262 82
56782 89
8677 71
58559 88
89|104
26645 67
32060 67
44851 67
53280 67
53578 67
67888 67
69211 67
81087 67
84246 67
103602 67
108078 67
109596 67
118894 67
121007 67
128089 67
128944 67
131098 67
131439 67
134847 67
140481 67
146684 67
148632 67
150554 67
164226 67
30793 62
169912 65
87869 71
1923 71
4015 54
950 70
173253 67
2324 80
27826 67
92259 81
11 72
3977 54
86298 62
8154 72
77688 67
2997 77
170837 67
49274 57
157775 67
1 75
142196 67
99117 63
62008 67
72624 67
108156 66
3752 64
2059 62
128520 73
3175 69
133879 67
48649 67
126088 67
5529 65
65588 67
99130 67
40962 65
1732 78
68659 65
91666 67
2683 63
3751 69
750 84
6650 70
149508 67
2395 69
51575 63
65230 64
171751 67
85881 72
139157 67
6863 67
4246 72
108949 67
1230 77
160567 70
73319 63
177185 67
130520 65
5220 58
121338 67
153386 67
50872 75
149566 67
145491 67
4890 62
129354 64
32243 67
84944 69
6402 67
1288 80
140133 67
119141 69
947 74
176621 67
4973 82
158398 67
69469 67
54503 76
141928 67
102481 69
90|11
1137 78
1144 78
581 82
81 74
892 82
1073 85
116 77
896 75
17 83
7 71
613 73
91|20
3013 65
6395 65
8147 65
7153 78
3360 71
2791 73
3897 74
1080 74
4850 64
3429 75
7000 64
2060 66
2916 69
1391 59
2100 59
318 83
2146 66
1225 79
1246 75
8501 65
92|5
2572 82
2114 84
1015 73
2454 78
1801 80
93|20
736 80
1917 77
552 80
1721 85
539 86
480 89
1372 84
368 86
2355 87
1923 89
2193 88
2006 79
339 85
1097 91
1591 74
260 98
2968 92
1676 83
593 98
558 81
94|12
231 54
377 62
367 57
364 71
288 59
19 48
10 62
586 54
590 67
380 60
589 70
318 79
95|20
18 81
4878 88
6979 78
4732 66
3019 84
5246 72
32 87
2952 80
1247 88
1198 92
5283 71
3361 82
1513 69
2009 77
539 78
122 66
1584 81
1240 85
4262 85
5349 80
96|16
527 85
1094 71
272 78
3819 76
150 78
2021 74
2571 84
1214 80
2058 70
1220 79
733 75
2340 67
1721 71
2396 78
367 67
1291 83
97|8
4701 78
4306 89
3578 90
4993 92
4963 88
4299 78
3981 66
4161 78
98|19
81845 85
8961 81
122912 79
5299 69
63992 56
187541 72
56152 78
134853 83
69644 65
6863 73
5618 87
56801 67
3499 82
134130 82
74789 64
82461 71
1258 86
88810 83
79132 85
99|11
318 98
161 84
420 68
592 80
196 67
122 69
145 76
150 87
316 78
236 78
588 86
100|20
497 84
296 89
1393 78
95 66
592 75
605 69
6059 76
28 85
2245 72
62 78
4308 78
1777 76
838 82
2125 82
1288 89
234 62
1197 90
2005 80
4014 77
4623 78
101|13
2580 80
3285 63
2723 69
2700 78
2908 77
2390 75
3175 72
2395 73
358 63
2702 66
3394 65
2997 81
2502 82
102|12
158 55
588 73
150 73
592 66
253 69
480 71
344 60
539 68
553 72
593 80
586 60
223 75
103|20
86014 74
1954 83
60040 71
1968 81
77206 74
2161 78
1732 85
81834 84
608 88
2384 65
4254 58
104 73
139642 69
56782 90
2096 75
101 82
6534 61
374 53
60069 85
30793 69
104|20
4740 69
743 52
5218 73
8643 68
1288 82
47997 72
468 66
76251 72
8533 73
4018 64
38038 75
1566 70
7361 83
6060 67
3034 72
1641 75
4641 72
108190 60
616 72
7034 72
105|20
4788 77
69685 77
95311 77
95313 77
110586 77
141816 77
141818 77
170597 77
172587 77
172793 77
173351 77
173535 77
6433 74
4974 68
70286 84
108981 77
95175 77
69122 81
1243 88
3916 82
106|7
69844 90
72998 84
59501 83
86880 79
5349 85
53125 82
59784 82
107|7
231 72
253 81
590 85
165 81
434 71
208 68
318 97
108|16
800 85
6022 75
4995 87
2585 78
5316 73
4975 77
3978 71
5349 79
2926 79
4246 81
4878 87
4994 77
1968 83
1684 74
497 85
5380 82
109|20
380 64
1033 67
231 57
364 74
589 74
480 68
62 67
31 60
587 64
1032 65
586 57
778 76
540 53
256 53
163 67
252 62
223 72
553 69
537 62
168 56
110|11
26171 67
2468 57
1198 84
1089 84
1222 82
1208 84
4881 76
47 79
527 83
1193 83
2428 56
111|20
100194 66
162602 66
171251 66
2145 64
96588 73
65088 66
66203 60
84772 65
2081 70
91529 76
6365 64
45666 54
3255 69
1282 73
6539 73
86833 71
122882 74
59143 68
86911 64
5283 59
112|13
788 56
161 72
1917 61
16 78
21 70
208 58
434 61
39 67
3717 64
19 56
110 78
32 79
70286 76
113|20
4083 69
39 67
3168 73
932 77
2331 66
3359 77
1086 80
3504 79
1339 72
904 85
3546 69
4063 62
4062 66
1077 75
1589 71
2475 68
3831 72
46 62
1733 74
4007 74
114|7
141718 61
54001 69
2291 67
167732 61
122886 68
8961 69
3147 73
115|20
1580 74
2804 83
1387 85
2792 71
3146 61
3273 58
3052 78
2841 74
2719 56
595 79
2700 81
383 68
2027 59
2148 71
2770 63
3785 66
2916 78
3175 76
588 79
1377 67
116|18
2716 73
858 82
1299 75
62383 65
1339 69
1276 80
597 67
1029 66
1101 64
2797 71
2657 64
1961 74
1407 62
5995 77
1704 77
165 68
2115 70
8360 69
117|20
708 66
587 68
589 77
151 70
36 74
1036 75
595 72
288 65
596 69
48 62
315 59
454 69
353 74
474 71
10 69
60 63
805 71
491 65
616 71
485 61
118|5
1221 81
1625 71
153 57
1961 75
1810 68
119|20
95441 76
117176 84
1092 76
91529 89
74458 88
4387 84
79132 91
168252 92
44022 76
78499 91
122904 87
106782 90
442 72
4993 91
31685 75
6365 78
141004 78
4148 72
88744 84
8644 79
120|5
260 81
32 78
5 59
631 62
52 70
121|12
497 74
440 66
161 68
527 79
292 63
344 58
186 53
316 62
1 73
19 52
163 68
337 70
122|20
27660 87
69784 86
7022 94
148652 84
4816 86
56174 85
94959 92
81591 88
71535 92
30810 88
2997 95
1732 95
108932 93
780 84
1090 94
3253 87
106782 95
72226 95
1200 95
1214 94
123|12
68554 70
115569 81
79132 83
109487 82
1196 85
4226 85
296 86
7153 85
143458 72
47 82
96829 80
2858 83
124|10
56145 78
2161 78
260 88
175 85
1358 81
6377 85
4226 88
3147 87
608 88
1223 90
125|20
5088 74
86721 74
110330 74
54503 82
72011 78
162578 80
119145 82
176371 80
55247 82
1240 81
86332 77
68157 85
112623 75
4082 70
160567 76
3342 73
109487 83
88140 76
98607 74
81562 77
126|8
364 75
349 66
231 58
380 64
410 59
300 66
253 67
457 74
127|5
2915 59
903 69
55276 62
5060 66
272 63
128|7
904 92
965 81
926 86
1066 81
1721 76
1080 85
1198 90
129|20
4370 74
480 79
3698 73
2692 86
2138 83
1968 82
8368 85
653 68
7143 83
316 72
6874 86
239 68
2916 79
733 78
4896 81
2028 87
3977 62
3000 86
1907 80
31658 85
130|6
208 59
316 66
292 68
110 79
590 75
296 83
131|14
2273 57
6947 66
58559 75
908 75
4878 73
89745 71
7256 67
68237 72
2722 52
2028 74
48516 76
3178 65
64614 71
969 72
132|20
6251 58
3275 72
4995 68
2987 61
7444 56
3262 59
4168 56
31658 69
44191 67
1089 72
3967 66
5502 56
50 72
58559 72
5992 66
2108 59
1844 61
2657 56
47 68
2470 54
133|7
454 58
356 69
589 66
150 63
153 46
380 56
527 70
134|7
442 65
595 77
349 74
380 72
367 68
509 74
296 86
135|20
592 70
4084 62
893 70
3994 72
2004 71
608 84
1358 76
3852 71
3489 72
1614 60
1198 85
4128 75
1883 66
2302 67
1291 81
410 64
1261 84
4022 75
4881 77
1077 77
136|20
161 74
193 52
585 59
338 62
277 64
380 70
181 52
337 76
437 60
165 72
611 66
151 73
340 69
252 69
432 56
552 65
350 69
280 76
273 61
150 77
137|20
6787 82
2716 79
1198 86
750 89
919 79
1270 82
318 89
150 78
2997 82
1200 82
6986 72
7153 84
1242 84
110 81
33493 72
1197 86
2959 87
1237 86
903 83
7762 76
138|5
2707 67
1960 74
1959 73
849 62
3996 76
139|20
4025 36
7445 46
60684 51
4865 48
68319 36
7090 54
5502 42
260 57
8371 41
53953 39
58025 38
106782 54
6957 46
7163 36
3827 36
3624 38
52722 36
54259 47
4367 34
115617 50
140|20
5699 68
5299 64
1393 71
356 81
609 66
32596 65
4795 68
34072 71
1617 81
5256 66
5943 55
1084 79
4337 68
3108 76
43396 72
4719 63
1005 56
4321 68
5812 73
4259 69
141|20
5418 73
54503 75
4963 74
2478 61
71535 74
317 61
68954 76
54286 71
6365 65
54272 71
4447 63
5502 64
6377 76
6373 65
1265 75
91529 76
2502 78
441 76
1517 69
48516 80
142|8
434 64
384 73
588 78
50 86
527 86
356 85
337 77
377 73
143|15
1721 65
61250 55
6942 72
7169 68
8533 70
106696 69
3421 72
87232 72
78316 66
69069 67
59421 59
2144 70
96821 74
7173 60
500 64
144|20
589 79
541 82
8368 80
597 71
590 76
410 64
1246 80
527 84
356 82
500 69
19 57
2700 77
434 62
733 73
780 69
1036 78
5377 77
552 64
586 62
2081 73
145|5
344 60
339 67
380 67
318 85
588 73
146|7
7293 67
3257 56
32 74
1367 57
3686 58
410 58
47610 69
147|5
1234 81
168 62
552 65
555 77
2395 73
148|10
88125 75
5618 81
108932 76
81847 74
72998 70
5816 72
8368 78
7153 80
81834 78
4993 80
149|12
1097 61
1374 62
1831 38
1527 60
260 68
173 41
1206 68
1200 66
2021 58
1580 56
1391 50
1375 54
150|6
3 68
1356 78
5 62
95 62
733 74
1073 79
151|12
786 69
562 82
780 75
837 75
747 74
1265 84
828 75
1073 83
1 84
648 76
1393 79
1359 65
152|13
50 85
2959 86
116897 78
89492 78
1193 84
69481 81
85774 73
115713 79
111 83
92259 85
1234 82
79132 82
318 89
153|20
134853 50
1732 52
8533 45
4014 43
81456 41
106782 51
8528 47
6863 41
87194 41
2617 35
1246 51
106100 48
1954 50
7458 42
4226 54
89904 48
72998 43
133780 41
586 33
36535 46
154|7
114662 84
119145 90
81834 91
122904 88
106072 80
76093 90
77561 82
155|10
153 63
3286 64
1200 83
260 86
141 74
2355 75
2384 63
2948 79
432 58
2959 88
156|20
26313 68
31038 68
1230 77
1711 62
3341 73
6296 73
762 49
2361 61
2076 75
4784 67
661 65
2926 70
8571 68
47 77
3176 69
58 77
848 64
866 78
1485 61
923 78
157|5
785 66
3617 62
2720 45
2770 56
527 81
158|6
1093 71
2605 65
2872 75
2723 70
2428 59
66320 72
159|20
2959 78
60069 73
45720 65
597 63
4022 67
89864 66
49286 63
140110 63
84954 58
4447 60
1197 77
68954 73
6942 69
1961 70
106696 66
480 67
539 64
166643 66
40819 71
63082 72
160|20
126 47
1371 51
1198 71
196 43
3408 58
5349 59
3213 65
2408 48
839 47
3593 28
2748 43
533 49
1975 49
1676 55
3745 56
2011 58
733 59
3826 39
778 68
2840 44
161|8
4980 67
7247 75
47610 76
1223 86
38038 78
3429 81
2144 76
2336 75
162|8
150 89
225 83
168 74
50 97
300 84
266 81
31 78
62 85
163|5
1608 62
1810 64
1747 63
1777 64
1837 59
164|8
1036 87
2916 83
110 89
589 88
3527 83
1101 77
1201 93
2167 77
165|13
2353 67
3624 62
110 77
5505 68
5527 70
3256 69
5956 71
5418 74
5530 59
5450 68
1127 72
3409 59
5881 64
166|20
33794 83
1721 75
4011 88
5378 70
3481 80
49530 80
2353 74
47644 71
54272 80
8961 83
1198 90
2542 87
1036 83
608 89
434 67
5219 69
5418 82
2396 82
349 77
2324 88
167|20
33493 66
4886 73
778 78
3052 69
7147 73
6857 71
45501 59
6480 66
1682 72
2231 74
784 54
33794 73
2083 73
2413 68
6333 71
8961 73
2139 70
150 72
6773 71
35836 67
168|19
3730 92
1248 96
1201 94
1089 94
296 94
923 91
1222 93
5291 85
3543 86
1302 83
3362 89
1148 93
3101 74
57669 94
2076 88
1729 84
908 93
85354 78
80463 89
169|20
3536 84
2028 95
364 93
953 94
4886 91
5400 77
8644 83
524 84
2795 87
1022 85
3114 91
3967 92
1517 86
1035 93
8641 89
6365 82
661 81
457 93
3287 79
1416 82
170|10
318 84
296 80
586 59
377 68
34 70
592 66
277 60
500 65
266 65
588 72
171|17
485 78
1220 92
1025 90
801 79
1259 95
1079 96
828 84
317 80
869 86
380 84
1136 99
1225 99
661 83
318 100
47 95
1198 99
1208 100
172|6
3087 65
3578 79
7438 79
2072 65
3793 75
2762 79
173|5
10 69
329 66
586 61
597 69
588 74
174|14
553 78
520 68
224 76
648 73
161 77
317 68
158 61
780 72
315 65
485 66
282 69
440 75
350 72
10 74
175|5
531 68
8911 72
43904 59
38388 72
8362 68
176|8
165 79
434 70
39 76
368 79
380 77
780 77
47 87
471 80
177|20
42002 66
91542 71
6332 66
3668 71
45672 61
783 65
27706 64
2657 65
114662 70
1206 80
83132 70
5218 71
508 71
3114 75
1321 67
2176 72
8798 73
88140 70
2012 67
339 67
178|16
7361 89
527 88
2329 88
5995 86
6502 84
4235 85
1198 89
208 64
6539 82
296 88
349 76
10 76
4226 88
1240 82
2579 78
318 92
179|14
367 71
589 84
161 79
231 68
288 73
743 58
1061 80
317 70
786 68
592 74
671 75
296 89
434 67
364 85
180|5
1261 81
260 80
1748 77
1242 80
2140 71
181|20
157 59
593 75
596 64
353 69
539 63
516 61
132 61
169 48
25 65
31 58
542 52
6 71
707 54
185 54
464 57
502 47
415 51
480 67
592 62
344 55
182|20
4879 68
6969 68
3911 72
2728 72
4313 68
8042 75
1291 79
3113 59
3578 77
1590 61
161 71
4452 63
224 70
4980 63
4262 75
2353 67
2890 72
1127 72
541 80
6041 69
183|12
480 74
380 70
1196 83
2951 80
2534 64
4085 71
1287 79
2194 79
3247 62
1233 84
2662 69
1408 79
184|20
158035 71
181413 71
193565 71
97304 79
74754 69
168250 74
191005 71
106072 70
166291 72
127152 73
86332 74
80463 80
5816 75
122898 66
81845 82
5810 69
170813 71
174479 71
112852 82
148626 81
185|10
1685 66
2396 73
5377 73
1721 66
5952 77
1393 69
595 71
2085 67
4995 76
899 78
186|20
2605 72
1214 88
1291 90
3745 79
1269 88
2527 79
2532 71
4361 82
1307 86
2968 86
4306 88
2541 79
1702 71
480 83
1097 85
3977 66
919 87
3527 83
593 92
1196 92
187|20
26122 70
3949 79
49272 81
231 63
1206 82
6874 81
1729 74
1209 81
48394 76
6502 79
2701 49
4027 78
288 67
2542 81
7153 82
39427 65
6890 75
1222 83
8949 76
1748 80
188|10
2346 79
1212 94
594 86
1282 90
3469 83
2396 89
1091 68
3341 88
1264 85
2206 87
189|5
48516 84
4993 82
79132 81
2959 85
58559 84
190|14
6711 84
4776 77
8784 77
4995 81
5630 71
4306 80
30749 78
1221 86
4975 72
8961 79
858 87
8464 75
69844 79
7438 80
191|17
496 72
21 73
72 70
175 82
494 73
417 77
17 76
6 81
85 76
292 70
314 77
58 82
235 74
213 70
161 75
160 61
162 83
192|5
356 89
288 74
316 74
349 78
432 62
193|7
44555 77
55442 72
4878 76
6016 77
307 73
1270 75
5618 78
194|5
163 72
1396 71
1500 73
1288 82
5060 77
195|20
3424 78
2770 56
1041 81
1653 78
1923 71
3160 74
4723 62
1863 60
2336 71
2166 62
4308 70
1909 67
260 80
2028 79
3252 72
2908 74
1392 67
1365 68
70 69
190 66
196|7
70286 78
3578 80
59315 77
58559 84
364 80
1214 79
110 80
197|7
1513 66
1240 81
1882 50
786 67
2167 72
153 64
1784 78
198|20
3894 66
3499 75
920 71
1213 81
3949 76
1994 68
1485 60
2572 70
4019 73
1089 80
110 76
593 79
4128 71
1270 76
4886 74
1079 77
2117 72
912 81
1573 65
1682 73
199|20
5464 66
2165 65
2280 62
736 59
5673 68
349 65
5502 61
482 69
8532 64
1172 76
300 65
50068 68
4881 70
3175 66
7445 65
2973 71
34338 64
41997 68
1956 70
377 64
200|20
3809 74
7022 84
50802 74
3968 68
2485 63
500 73
5610 70
590 81
1029 74
53996 75
2572 78
4993 87
4041 76
57640 81
1302 78
1784 79
6383 58
1653 85
1569 75
1517 77
201|20
1748 90
1527 85
1584 83
2858 90
339 80
589 89
2717 72
994 89
788 67
1196 93
2797 85
733 83
1259 90
2174 82
1198 94
2455 81
1569 80
1213 94
160 70
24 76
202|20
3329 72
924 81
29 81
2289 80
1197 86
1196 85
2966 79
161 75
608 85
1209 82
1296 77
3194 72
1784 76
469 73
923 82
2000 77
1587 70
1719 86
3147 83
32 81
203|9
56174 73
8665 78
2407 70
5952 84
590 79
49272 84
40815 80
333 78
296 86
204|17
1136 87
3949 83
33794 81
48394 80
27075 74
1080 82
79008 81
6104 84
8874 85
81591 77
4878 84
91658 75
711 69
2313 79
86320 73
55820 82
5218 77
205|6
912 85
99114 79
91542 75
5816 75
95167 71
96079 77
206|5
36 84
608 91
733 80
140 74
141 78
207|5
2991 63
2428 45
2707 55
3740 68
100 50
208|6
1210 78
2628 59
380 65
2353 64
2278 67
2762 74
209|7
60684 83
1291 86
68157 87
74458 83
185029 79
122886 82
88125 82
210|20
123553 79
34405 89
166203 79
3147 91
31696 77
7649 75
58559 93
2105 78
6365 77
34397 79
4625 75
84772 78
122926 90
76093 88
62836 79
33493 80
1584 83
47610 84
108932 87
122918 86
211|18
58559 86
63113 72
90405 69
57669 86
60684 79
7153 84
73017 79
2105 70
4367 62
356 84
2642 55
1556 44
318 89
44665 79
85414 73
1198 86
1136 86
260 85
212|20
170697 68
122920 72
122892 68
2571 79
5218 71
48394 73
3578 76
1196 80
135143 69
74795 67
179401 67
79132 78
77800 72
108932 75
110102 73
96821 75
8874 78
65261 75
59784 66
2291 73
213|17
3285 68
87520 61
80363 71
76251 79
8957 71
2860 68
1234 86
5419 71
51935 83
69844 83
39446 67
4132 69
858 92
69526 61
4558 64
49530 80
58559 90
214|5
83 60
628 63
743 42
1363 57
802 58
215|20
1172 83
4973 86
63082 80
1291 82
2028 83
3252 76
3210 73
1968 78
1247 82
49272 82
1089 85
72407 61
5650 74
318 89
1208 86
2000 76
1197 86
1196 84
1297 76
4019 77
216|20
104 68
21 70
3996 75
3946 62
2946 68
3993 68
3897 77
2599 73
34 72
3994 70
4034 79
3363 76
1965 71
3422 68
3555 69
3253 70
2087 73
3986 58
2018 70
1923 72
217|20
1867 59
3434 59
1275 66
2468 46
3197 54
1912 65
2302 55
1876 50
380 58
1221 73
2471 43
1918 51
1385 49
3165 60
1590 51
1562 38
1703 56
2056 59
1831 41
160 48
218|6
2657 62
2692 75
1380 61
1198 78
6934 59
5349 67
219|20
60072 57
2115 68
59315 69
6539 70
442 56
30707 73
1704 74
180 64
1219 74
1005 51
27773 73
56156 60
6188 65
6721 65
30825 58
2997 74
1552 56
1500 68
2890 68
1921 73
220|20
3996 83
733 79
1198 90
3994 77
6539 83
1258 89
1917 68
4545 73
33794 84
165 78
71264 79
4623 79
53464 60
5218 80
6365 74
3751 78
32 86
1036 84
5502 74
1591 65
221|20
4338 75
7013 80
8529 72
1080 84
3246 85
2871 84
1208 90
7063 84
2702 70
4029 82
5954 82
2352 80
922 89
2997 86
1278 87
2858 86
1212 87
1959 79
1961 83
3671 84
222|20
81831 61
100498 51
48516 75
1249 75
99813 68
91529 71
59900 53
93287 65
1721 61
2706 62
3273 45
2411 50
64622 64
7143 69
87869 66
778 73
30825 56
42011 49
673 50
64839 69
223|15
55854 60
6711 72
1 68
736 55
1961 67
457 69
2716 67
48394 66
608 73
8784 66
48516 74
3863 54
4306 68
260 73
2683 55
224|11
3496 77
3044 80
356 89
2915 78
289 74
3668 81
1270 87
2797 82
1721 76
2716 83
1259 87
225|15
2423 73
1285 77
588 76
1717 63
2791 79
1321 70
1136 85
1197 85
1753 74
2004 72
2371 67
1407 67
785 70
1060 76
3024 70
226|20
6938 69
32666 69
3552 76
542 59
1240 76
3098 74
2804 78
3668 73
3653 70
2231 77
145 64
2253 55
3052 73
2628 62
762 50
53129 77
4816 70
16 78
2144 73
46948 65
227|19
46976 81
52319 76
81845 86
109487 85
134130 84
215 85
48738 84
47099 82
1196 89
32587 83
912 90
55721 84
1682 82
750 92
778 88
40629 78
97913 82
70286 83
150 82
228|5
2571 86
1373 64
362 76
318 91
3113 65
229|13
34 77
589 83
377 75
45 73
587 74
5 65
475 88
442 66
597 74
364 83
213 71
110 83
527 88
230|20
34330 58
52715 58
47 67
7438 67
527 71
3147 70
45499 56
6537 53
2291 64
1387 69
6863 57
1485 51
595 62
4022 62
2096 59
588 63
4034 68
1676 56
8644 57
2641 51
231|5
92259 83
858 86
593 83
1198 84
109487 79
232|20
31867 67
41769 67
57526 67
70336 58
8644 66
1586 58
44972 49
4019 73
43928 46
30883 63
65802 60
8376 66
39292 73
1035 77
66198 66
66097 71
32011 57
6564 51
7451 74
33164 53
233|20
48394 67
3751 63
48516 74
1721 60
356 73
106100 67
162600 60
608 73
7153 73
134214 61
57669 74
122920 65
2329 74
4239 66
7371 72
3977 47
3147 72
3948 60
49272 71
5418 67
234|20
2616 65
2140 76
172 61
126 63
1562 52
4519 72
153 62
2710 61
3624 67
3483 67
1391 67
438 69
1460 73
2987 75
65 56
260 85
1359 61
3175 75
588 78
2080 73
235|13
480 74
736 66
500 69
454 72
592 69
235 72
595 75
32 80
527 84
648 70
223 78
588 76
377 71
236|30
1214 79
1278 81
1345 70
1350 78
1387 81
1388 63
1982 73
1997 78
1998 62
2447 67
2459 68
2490 71
2496 66
2502 82
2505 62
2542 81
2572 74
2580 80
2596 72
2598 61
2606 59
2657 68
2683 65
2694 66
2718 69
2770 59
2806 58
2858 80
3024 69
3052 74
237|10
32 72
4254 46
94959 69
293 73
1371 57
1193 75
7361 76
7980 67
43936 58
1374 69
238|9
4954 75
3528 73
4265 68
4901 72
4238 71
593 85
4499 82
4957 70
1193 85
239|20
58559 90
5459 68
4085 77
380 76
95 67
7445 78
608 90
7147 84
6378 81
2115 81
4896 83
36529 80
3994 78
33679 74
47 86
590 82
4022 81
208 66
733 79
51662 82
240|20
368 82
543 79
480 85
367 77
810 60
500 80
546 61
110 90
173 67
1 89
542 71
104 80
34 84
174 73
204 67
225 82
383 75
262 89
434 73
420 68
241|16
81786 71
71899 82
527 85
1206 83
1193 84
99114 80
100714 68
8981 76
53123 79
116897 77
56367 78
3910 78
106782 81
115569 79
4235 81
48780 81
242|7
39 70
380 71
231 64
457 81
592 71
454 73
111 83
243|8
112 82
353 91
62 87
588 90
193 66
586 77
181 67
376 80
244|19
3090 76
1049 72
110 81
257 72
165 73
151 74
1090 81
3755 67
2278 73
648 71
1580 72
1957 77
1610 79
1196 85
3256 73
1573 71
1242 84
3753 71
2243 72
245|5
3196 58
2739 60
3114 60
3274 53
1361 57
246|20
1304 90
616 84
1680 84
6016 93
3081 82
44191 89
60684 88
4973 95
1732 91
1298 85
53125 81
2291 87
2692 91
293 91
4011 93
5013 87
60069 91
48082 87
82202 74
95167 81
247|20
48516 80
593 79
2858 77
49272 77
1961 74
44191 75
527 80
116797 75
68358 75
122886 73
480 70
223 74
1265 75
2078 74
1198 81
1682 73
6377 76
1089 80
953 77
919 74
248|11
4886 78
1198 85
166528 78
176371 77
316 68
147374 70
102903 69
189333 71
122912 76
58559 84
5218 74
249|20
110350 74
102903 73
2167 72
94959 81
84601 73
2395 76
97306 75
3408 76
89047 74
91500 75
91542 79
40815 81
69844 82
904 90
46723 76
3826 57
68791 74
88812 70
67695 73
50 88
250|6
1282 87
2407 77
318 97
1597 74
1246 90
8880 81
251|5
142115 85
293 93
356 95
318 100
1089 97
252|8
164179 86
89745 87
6377 88
164909 81
1682 84
166643 81
143355 76
78499 89
253|10
44555 93
916 93
608 94
2300 91
7099 90
4217 83
26366 81
1192 87
4642 92
3363 89
254|20
46578 83
44195 85
207 74
49278 72
6333 79
780 72
110 82
1210 85
49272 84
27846 79
32587 80
2571 85
44929 75
47 83
293 83
1580 73
5995 84
32 83
592 72
48394 80
255|9
1270 61
4467 60
2023 52
3501 49
1663 57
1394 62
3392 48
2542 63
2915 53
256|20
3247 69
88744 83
377 79
4973 93
53972 78
118696 76
95441 75
104841 81
71535 85
2953 66
81229 80
53121 70
30707 88
2571 90
68791 78
170 77
6942 84
90405 75
6537 74
33493 79
257|5
1500 71
594 71
2502 79
494 68
2406 68
258|5
4995 85
7147 82
72641 79
76093 83
47099 81
259|6
508 64
5945 57
1784 64
4886 67
1356 67
1584 63
260|20
7361 83
3556 76
162 80
903 80
5690 80
6337 71
4878 80
5617 78
342 66
5219 63
2997 79
8011 73
1206 82
3317 77
6709 67
8874 80
2348 74
3822 71
2959 84
8645 74
261|11
3897 79
16 80
2060 72
296 84
2723 69
1682 77
4085 71
2194 80
7361 85
4238 69
58559 84
262|12
708 60
539 62
457 71
322 64
339 61
85 66
26 65
17 66
213 59
273 52
593 75
728 62
263|20
223 79
150 77
500 69
2987 73
2953 59
110 80
4226 83
8370 78
1197 85
7458 72
708 69
1111 74
2125 77
6942 77
5013 77
163 74
457 80
8636 77
1967 79
2085 71
264|12
7841 73
1376 70
151 72
5816 74
1907 74
1320 65
1917 61
150 76
3578 79
1090 79
253 72
1876 61
265|20
3807 65
316 62
253 67
1302 68
724 59
1240 72
3504 74
230 65
3831 68
1956 71
3098 70
529 72
1270 75
3791 62
1177 71
2322 61
1488 61
2474 67
1198 79
1962 68
266|20
476 67
2812 67
2700 74
2278 68
24 63
2770 56
2702 62
64 61
1405 57
2580 77
1527 72
2167 64
457 76
1580 67
2300 77
1923 71
2094 64
132 65
2571 79
2097 63
267|12
2858 89
593 92
1175 89
3006 84
1302 81
3999 65
3113 70
1093 77
589 88
2571 91
923 90
3996 85
268|20
1641 70
587 63
1125 67
1911 52
2802 58
1036 71
1370 64
50 77
2064 71
1784 67
1912 70
1966 63
454 65
1234 74
2247 58
1394 73
2829 62
802 62
260 76
2858 73
269|6
724 67
743 56
95 64
1 81
63 65
648 73
270|8
661 61
62 66
79 52
628 67
14 65
1356 71
141 64
25 66
271|9
3897 70
32 71
2791 70
969 71
6787 71
2858 72
55765 69
1320 57
2288 70
272|7
177765 67
1240 74
51662 72
122922 73
49272 77
158238 73
6365 65
273|11
440 80
593 91
500 77
608 92
223 86
111 90
150 85
21 80
466 68
235 80
520 73
274|20
50147 67
2947 74
3037 81
1645 67
4951 67
2036 60
1359 55
35957 67
553 72
76293 64
3918 65
1503 63
45431 67
4816 67
54999 67
5667 67
4876 53
56805 67
1921 76
54004 68
275|20
1784 81
2289 85
5884 77
1171 78
357 78
1912 83
2539 71
235 79
4886 84
2572 80
2355 79
3253 78
1192 82
926 87
111 88
2100 71
3089 87
1393 79
1719 91
1392 77
276|9
673 76
356 100
466 77
104 86
631 81
648 87
2 87
1367 80
344 80
277|6
637 66
736 70
656 71
1 83
780 74
260 88
278|5
2371 72
1347 71
4002 81
318 93
2369 65
279|20
134130 75
1101 64
166528 74
90405 63
61132 68
79132 77
56782 81
97913 72
1608 64
4226 79
59315 72
88129 71
54286 70
1258 78
8665 71
58559 80
4993 78
8376 66
107406 67
1200 76
280|20
92535 86
344 69
262 84
3146 63
4239 82
4447 73
8638 79
919 83
72641 80
86817 74
8368 86
49530 80
6863 75
35836 77
55052 79
54503 84
4246 80
48516 90
1911 64
3916 81
281|5
46578 73
8361 56
35836 64
3897 72
3861 55
282|20
5995 86
3977 63
3263 69
25 78
6708 79
2683 71
4718 68
6711 88
5481 66
6863 75
5669 82
3752 72
588 81
80463 85
1921 85
1193 89
4369 68
48322 82
1194 81
784 64
283|7
1580 64
39 61
1704 74
356 76
586 56
2082 52
805 67
284|18
474 81
173 63
2 77
296 91
15 71
348 81
248 72
318 95
47 87
353 84
275 65
44 61
339 77
367 73
276 73
165 79
637 69
235 79
285|8
1193 83
949 74
1247 81
6978 69
113207 70
4447 67
441 80
296 83
286|20
454 72
778 83
5989 79
1333 75
165 72
500 69
7438 80
2294 67
4993 82
4995 81
7361 85
70 72
4980 66
1258 83
4963 78
1097 76
4848 80
539 71
377 71
110 80
287|20
3160 58
3578 61
223 60
2633 54
1059 57
586 44
3005 45
532 45
1193 65
2599 57
2028 64
1485 45
3826 35
2081 55
8949 58
2012 52
101 60
4034 62
2422 31
2115 56
288|20
4473 63
4966 63
1008 63
2867 68
42015 63
141 64
2571 75
13 63
53519 59
2407 61
5418 70
3916 69
2347 59
2528 59
30810 66
575 52
32587 71
587 63
2517 57
8361 56
289|24
3 67
16 79
235 72
266 68
594 74
708 69
750 87
1080 79
1101 68
1208 84
1220 77
1258 82
1917 62
2012 70
2174 72
2710 58
2797 75
4322 74
6125 70
6327 71
6453 70
7025 69
7028 73
26704 71
290|20
1228 89
1299 85
2494 77
2739 84
608 89
2130 78
908 89
341 76
1447 76
342 73
1056 73
1719 91
953 87
928 86
1394 86
2648 76
475 91
2731 82
1357 85
2385 72
291|7
40815 89
122892 83
106489 80
134853 90
7153 94
88125 88
1 90
292|20
520 60
103339 62
122900 68
4896 72
2291 72
474 69
85056 64
46972 62
95167 66
164909 69
3176 67
3476 68
1608 63
31221 48
1101 64
3985 65
3984 67
1017 67
69844 73
231 58
293|5
1682 64
1673 69
344 50
1617 69
1097 63
294|20
416 43
3869 57
1064 51
2794 44
610 55
2133 54
1391 48
3868 56
1129 54
520 48
3387 50
355 34
2378 47
3693 45
785 52
2193 56
2367 47
2458 47
348 57
3501 51
295|9
1221 83
3198 75
1287 78
1213 83
4351 68
1198 83
858 85
318 86
2329 82
296|6
160848 72
2028 84
169034 72
4144 81
50 86
2324 84
297|15
832 51
543 50
1645 52
111 63
454 54
1089 66
6 61
1249 65
1047 48
1370 52
1488 48
150 58
170 51
1092 48
866 62
298|20
57640 55
95510 46
6811 47
8370 56
8807 52
63131 50
6881 50
3785 41
122900 52
103042 45
6294 38
2167 46
2005 53
6006 45
653 41
55995 41
3018 50
69757 54
103772 48
3825 38
299|5
3793 78
1387 84
188 76
1198 88
1214 82
300|32
318 87
356 82
527 84
593 83
1172 82
1704 81
2028 82
2324 82
2329 83
2571 82
2762 78
2858 80
2959 85
4848 80
4973 85
5995 81
6016 82
6711 82
7361 84
8950 78
48394 76
56174 70
63082 79
79132 81
81591 73
92259 83
99114 79
109487 79
112183 70
112290 77
112552 82
112556 77
301|20
21 66
357 66
2490 65
6711 77
589 74
8949 71
837 64
3948 64
364 74
527 78
5989 73
4963 72
608 78
292 63
3578 74
3897 73
4226 77
3753 64
1393 67
1792 59
302|7
480 79
14 77
3 72
25 77
648 75
707 66
110 85
303|11
5378 66
3703 82
1127 76
5544 74
1196 85
3471 78
1580 72
1394 82
2683 67
920 76
1358 78
304|20
314 80
2571 87
2433 69
10 76
1376 76
480 79
1373 65
1777 76
1270 85
1517 78
151 77
356 88
208 65
474 79
1214 84
1375 74
640 66
1722 69
185 67
2701 55
305|20
74624 75
140627 75
87869 79
919 83
1197 90
106100 82
138210 76
788 62
7482 82
80590 73
103075 73
903 87
6537 71
93840 83
54736 78
592 75
2288 84
58803 79
55276 80
1272 88
306|20
5784 52
68954 74
69644 56
6377 74
95543 64
81847 71
111743 60
85367 65
168418 68
167018 64
72998 66
122904 71
69406 63
85788 60
4963 72
115664 64
134368 66
112852 75
161634 64
133419 64
307|20
2190 55
4181 55
31424 55
49314 55
5010 62
7845 54
3392 52
1220 62
6793 38
6483 44
2332 50
56003 54
1991 48
3273 39
4876 42
3421 62
1409 43
413 45
4447 52
52867 55
308|20
2959 59
45517 43
96821 52
72998 46
318 62
2 44
904 60
589 54
8961 52
56152 49
56367 51
5618 58
36 51
410 38
79132 55
4993 56
8464 48
1221 59
2248 51
6 53
309|20
2202 79
1645 70
898 86
1682 76
296 83
1089 84
1269 78
7153 82
6947 74
8340 72
1104 88
7218 70
25886 72
1219 81
8154 74
971 77
1944 75
6365 68
1262 82
2762 78
310|13
6863 68
6947 73
1101 67
6503 53
2524 72
2457 69
5899 71
733 71
246 82
3254 67
1223 83
1080 77
2671 70
311|6
6561 45
5992 53
1517 47
6461 48
1407 41
2706 45
312|20
5816 75
1375 69
3499 79
589 80
2454 71
1358 77
4878 82
4103 77
3793 75
2028 83
1371 66
4121 69
2366 74
2747 65
4105 77
5446 72
2699 62
2529 80
1350 79
1356 78
313|20
4980 63
170 67
3917 68
2455 69
5544 70
541 80
2193 70
2000 73
6 77
1968 74
1089 82
1301 72
1240 75
3175 70
4865 72
2005 73
2167 66
1375 66
2087 72
2530 59
314|20
7 54
1042 57
44 45
165 63
457 71
293 72
597 62
329 59
442 54
26 65
830 56
728 62
618 62
107 61
536 60
10 62
1376 63
153 51
208 51
150 68
315|7
1262 73
2729 64
2529 70
2067 73
2553 62
909 69
902 69
316|11
1748 72
253 64
3968 55
158 50
5445 66
3751 64
7438 71
6874 73
48 56
3882 50
2572 66
317|20
133115 68
73321 65
91529 77
74545 70
7445 69
1213 82
48774 76
4262 75
1884 77
5989 76
3578 77
4011 80
68358 76
1208 82
72011 72
3897 76
3499 76
96829 75
116797 77
56782 83
318|20
26713 72
81191 72
90245 72
111817 72
127180 72
145080 72
150696 72
7445 74
1090 82
116799 75
82459 79
48385 71
2294 69
64839 80
88125 79
109487 82
4021 81
33794 80
54286 77
89753 76
319|7
115617 86
6377 90
356 92
136864 62
1221 94
122904 87
110 89
320|5
72998 69
71535 74
31184 68
59315 73
1013 65
321|12
587 73
356 86
160 63
592 72
597 74
780 72
339 73
355 54
410 67
3 70
500 72
457 82
322|20
2882 59
1968 69
2542 74
58559 76
2788 74
2146 63
2617 56
2918 70
778 74
2599 67
4027 70
4993 74
1230 72
51540 68
1 70
1617 74
1923 66
4010 61
11 67
1035 72
323|20
377 62
480 65
356 73
1094 60
161 64
115569 69
1198 75
29 71
551 63
22 59
318 78
112183 61
253 63
111659 52
3257 53
260 74
150 67
329 58
342 57
266 59
324|5
2764 67
3972 69
3864 50
3949 70
3897 69
325|20
2848 69
235 71
2986 59
262 77
1573 68
2596 71
1584 72
1217 83
1676 67
4714 66
3770 62
3261 68
2894 69
2155 69
1279 76
1614 58
3994 70
2268 76
2915 70
5008 78
326|20
8665 79
47610 78
20 62
2858 84
86882 78
5418 80
4973 88
133771 78
48774 82
2324 86
1293 79
2692 84
72605 72
70159 69
54286 78
5446 75
6591 81
4226 86
105844 77
31410 79
327|10
3301 81
150 85
858 95
1923 83
51255 90
48516 93
1304 89
765 74
6888 59
2706 79
328|20
2687 59
112852 71
70286 66
1196 72
457 69
364 69
80463 68
3489 61
318 77
595 64
5349 62
2542 71
1219 71
35836 61
3751 62
79091 64
7153 72
596 61
2398 68
1148 72
329|5
130482 46
136850 46
858 62
1884 56
750 63
330|20
5378 62
316 65
1639 71
2918 76
919 76
3949 77
3535 75
5349 71
380 67
1676 66
2502 80
3703 78
1682 75
2683 63
1206 80
1721 68
2791 76
2081 72
8874 79
592 67
331|20
8874 80
6157 56
88125 75
6539 76
3897 77
4446 68
7361 83
50872 76
4995 79
4306 77
6874 79
5502 66
3911 73
608 82
4447 66
593 82
3751 71
8665 74
4367 59
2959 84
332|20
47 77
1653 78
1258 80
316 64
8983 72
431 73
97757 67
2291 74
1835 67
356 80
5502 65
4308 70
1203 80
1682 74
1249 81
76251 71
2905 72
318 85
2294 64
32 77
333|5
3785 49
3752 54
3616 56
3615 52
3646 37
334|20
55820 71
1196 76
1580 63
1291 74
3996 69
589 72
30810 65
4027 71
1 71
64957 64
1625 67
50601 55
44195 75
27416 64
6867 68
2997 73
293 73
480 67
5378 57
51935 70
335|6
780 68
592 68
356 82
296 83
2699 60
2001 66
336|12
1267 93
1 88
38798 79
33660 89
1784 84
2001 77
2268 87
293 90
1625 84
4886 87
50 94
150 86
337|16
318 100
47 94
16 94
805 88
1393 87
266 83
667 74
168 76
784 73
65 68
110 94
708 83
25 87
1356 92
277 78
786 78
338|8
189111 58
190207 58
190215 58
190219 58
7153 71
593 71
187541 56
185029 62
339|20
72641 79
5445 79
84152 83
96079 81
106072 74
69122 79
5617 84
41285 77
56869 75
48322 81
65216 79
91630 78
86504 78
91529 84
83613 70
4993 86
3470 79
102407 74
2028 87
5952 85
340|28
10 71
110 79
150 76
153 60
161 73
165 71
185 62
208 59
253 72
288 67
292 68
296 83
316 67
318 87
329 67
344 63
349 71
356 82
454 72
457 79
480 74
589 79
590 76
592 69
595 75
648 70
780 69
1356 77
341|11
2335 73
3624 69
130087 74
1370 75
135137 70
117529 72
5459 66
45672 69
1 83
47099 81
4025 66
342|14
2683 57
2598 53
2881 57
2369 51
1268 66
2605 55
2599 67
1198 76
3157 53
3826 45
2428 49
2827 45
3863 56
1959 66
343|12
858 89
3000 84
48394 80
4226 86
4878 84
3993 73
2571 85
1617 85
31658 84
55363 80
55820 82
296 87
344|14
111362 78
380 70
316 68
2628 64
4226 83
2571 83
4014 72
2012 71
4034 81
260 84
2541 70
4973 85
5418 77
2712 71
345|13
1019 78
2539 69
926 85
5902 86
8810 65
344 68
5707 74
2366 78
56949 71
3649 67
6658 74
3489 77
412 77
346|20
3174 70
778 80
608 81
6711 80
6286 71
306 79
7323 71
307 76
3535 75
1212 79
357 69
3949 77
714 72
7937 70
7396 73
5878 77
1120 71
1131 75
3627 70
7115 67
347|9
434 63
590 77
39 69
150 77
454 73
380 70
587 71
317 66
457 80
348|11
318 100
2324 96
4368 69
1213 98
6016 96
2959 99
6893 90
4973 99
1221 98
1960 89
2019 98
349|8
10 74
161 76
589 82
381 75
349 74
231 65
588 78
509 74
350|8
852 62
7 60
637 59
648 67
733 70
12 50
858 83
661 65
351|20
88932 70
87222 68
73344 75
52579 69
2231 78
88744 74
43836 64
79132 81
597 70
58559 83
12 53
8914 75
8950 78
63082 79
6214 75
90376 73
84152 78
480 74
4878 81
1193 83
352|20
72998 75
71745 63
1801 75
34319 71
2600 79
65682 74
1080 82
79695 67
110730 62
38038 79
130490 70
97752 76
1214 82
94864 69
41566 73
56587 73
44191 82
114935 77
59315 79
47610 77
353|18
552 65
25 73
267 62
216 73
367 67
288 68
144 69
186 59
333 76
266 69
112 67
198 70
234 58
145 66
293 81
158 59
163 74
296 84
354|20
1610 78
4306 79
2692 82
3147 83
47 81
903 82
733 74
3977 58
1225 85
35836 72
648 71
44191 80
8665 77
1917 63
7147 78
1923 75
589 80
2959 86
4718 63
1196 84
355|6
316 74
1580 77
3035 85
3175 79
317 71
916 89
356|20
2248 82
52435 84
52975 78
7122 75
44889 75
1641 81
2706 75
4011 88
802 74
7323 78
2502 87
56367 82
1223 90
55118 85
3949 84
3996 82
1246 85
1466 80
223 83
7153 87
357|20
4354 74
8998 74
27329 74
2804 84
595 79
529 81
4663 70
4091 74
1224 82
1242 87
34 77
208 64
58559 88
6296 80
30793 69
1042 69
2100 68
551 76
471 76
2067 86
358|9
26095 65
605 58
5066 65
52328 69
2226 65
42728 64
7361 79
69844 72
36525 57
359|15
405 51
1092 60
1101 63
51412 56
648 64
296 78
1097 70
2396 71
2424 59
593 77
2701 44
2942 53
1682 71
2530 56
4995 75
360|5
1422 66
1620 63
1488 64
1711 62
1414 63
361|20
47099 69
1580 63
377 63
1552 55
49272 73
1263 72
53125 63
589 72
49822 64
8360 66
318 80
2529 72
5218 66
6188 64
2422 42
3082 60
1732 73
1370 63
46972 59
7458 64
362|20
1945 91
592 77
6539 85
51540 84
5989 86
637 69
70 79
7153 90
1252 92
44665 85
407 77
6874 89
2959 93
1196 91
1208 92
8961 85
48516 92
7438 87
356 90
1201 92
363|6
1552 52
1732 70
1517 62
296 73
653 53
318 77
364|5
858 95
9 73
783 77
376 75
1 87
365|20
59315 59
81229 55
128975 51
6874 64
90345 55
158872 54
129354 50
103075 51
135536 46
70286 60
112852 65
76077 52
112818 55
1777 54
6502 63
155820 50
541 66
95720 47
93270 42
135569 55
366|7
116797 81
59315 78
33794 80
91529 81
2028 84
122882 79
7438 81
367|20
926 86
3061 77
1270 86
1287 85
486 73
3536 76
3824 64
2384 66
3072 79
898 92
3618 77
3225 71
2248 83
3157 67
3969 79
3717 71
1259 86
4023 68
1196 89
1258 88
368|20
3753 58
2112 54
1944 64
2986 48
3869 62
1214 67
2947 66
415 47
3035 67
832 58
50 72
2819 63
1801 60
2490 59
1917 50
1391 53
2193 61
225 59
161 62
2881 54
369|20
1256 71
785 63
47 74
2706 65
839 56
377 65
52973 69
743 47
4214 57
5418 71
3863 59
1372 64
27904 70
60069 75
2857 61
1967 73
150 71
2011 66
1580 65
3174 67
370|19
4011 77
4878 75
8961 72
6377 75
2628 58
1748 74
2116 62
589 74
2329 78
7438 74
3977 52
1676 63
593 78
4973 80
4226 77
1240 72
1089 79
8636 71
2716 72
371|9
2571 97
112512 85
1258 98
4090 86
56715 92
3000 96
4226 98
4993 97
1748 95
372|20
335 64
924 74
318 82
1603 53
1479 62
589 74
81 61
387 59
616 68
337 69
1220 71
1201 78
165 66
1243 76
1258 77
377 65
1401 64
450 61
1206 77
1306 60
373|20
216 66
60 59
169 50
350 63
585 52
44 48
371 64
163 67
616 67
198 64
265 69
25 66
6 73
733 67
47 74
2 64
736 60
305 57
357 65
141 65
374|7
296 84
208 60
1219 82
480 75
592 70
1258 83
1339 74
375|7
344 68
1027 69
32 85
2628 69
3256 77
4226 88
500 74
376|20
91535 71
2002 68
1214 85
1101 74
2916 80
33794 84
1198 90
349 77
1371 71
376 71
1240 83
1375 74
4993 88
858 92
457 85
4226 89
5952 87
344 69
2763 80
2797 81
377|20
4942 77
2793 62
1262 89
2791 85
748 73
1345 76
5027 74
5113 76
27692 77
3421 83
6021 77
3364 77
2072 71
8641 82
2163 70
92760 77
2858 87
1503 73
2124 75
2015 77
378|10
33794 79
7153 83
48516 85
3114 78
858 87
68954 81
91529 80
71535 78
90600 71
364 80
379|8
318 87
377 70
19 56
292 67
480 73
367 65
597 70
344 62
380|20
60818 73
172875 73
172881 73
172887 73
355 54
6979 74
5476 65
2735 63
68194 76
63433 72
72356 78
105731 71
1833 67
551 76
6731 76
27831 80
1665 68
393 63
140956 74
2791 82
381|20
2085 70
1088 69
3253 71
185 62
317 64
27808 68
1240 77
19 57
3753 69
4321 69
72011 74
3082 67
333 75
2140 73
1385 60
2273 65
1208 84
457 79
104 69
2716 77
382|20
1204 88
142372 69
135532 68
1201 85
112171 71
1198 85
912 85
81847 77
4638 60
63540 60
1681 62
170289 71
103042 68
72737 74
2496 67
357 72
81537 66
59501 72
101362 63
4890 66
383|7
2436 76
2541 72
2496 69
1584 76
2558 59
1246 82
903 83
384|14
3527 66
1388 55
2683 58
2502 74
4333 58
3098 67
4396 56
457 71
358 55
968 68
2724 51
296 76
3991 56
1204 79
385|20
736 60
1080 74
249 71
1219 76
1036 73
1136 78
282 61
1073 72
1200 75
1228 78
1022 67
1007 58
1201 79
1246 74
344 57
589 74
1023 67
1287 74
594 68
1303 75
386|14
110 66
410 50
112 53
165 58
223 64
648 56
185 48
608 69
485 49
305 49
44 40
585 44
349 57
10 57
387|20
4393 64
5156 64
5780 64
7336 64
26124 64
40966 64
2712 64
5062 65
1247 74
5489 64
4195 65
7132 73
2946 63
1387 75
3000 75
51939 60
4995 74
912 78
7938 64
1783 59
388|6
6158 69
63239 69
33615 67
86298 64
62999 69
8360 72
389|7
17 89
140 80
628 87
762 66
743 67
95 75
32 94
390|17
6344 70
64957 72
4239 76
5220 62
1193 84
2571 82
9010 74
2291 77
5296 61
4226 83
7254 73
6377 80
63062 73
1206 83
2329 84
4014 72
1784 75
391|20
5575 69
500 67
3994 70
1213 83
516 68
199 73
4027 77
150 75
1408 78
4014 70
1527 74
1059 74
2916 73
4973 84
357 70
555 75
5026 78
4936 69
1210 81
3067 69
392|5
3004 57
2858 77
707 58
1198 81
1125 71
393|20
91658 71
102125 72
48394 76
36517 73
8636 77
110102 76
44199 76
5388 68
54259 73
4848 80
5669 76
1291 81
68848 71
86190 71
2571 82
1206 82
122892 71
106642 81
1625 74
106489 69
394|5
588 66
316 58
344 53
225 61
457 70
395|13
329 61
1025 67
296 76
160 53
208 52
173 49
485 56
355 44
520 57
595 68
126 53
48 57
367 59
396|6
1276 77
1597 57
1777 64
44 47
204 49
2081 66
397|5
4017 76
8645 77
1701 78
8228 74
6993 77
398|10
6408 77
1197 91
5971 86
7022 86
1198 91
60069 87
2455 78
1136 90
48516 91
82459 84
399|8
1198 84
110 79
5445 74
1196 83
593 83
480 74
1270 80
2194 79
400|9
608 93
356 92
2571 91
2959 94
7153 92
1221 94
3578 89
858 96
59615 71
401|15
5952 78
6297 69
55768 65
48982 69
166461 68
49274 57
50872 74
32031 64
79091 72
170939 67
38038 73
8360 70
3114 75
33615 65
1136 81
402|10
1084 87
597 77
52 78
329 74
296 90
586 69
315 68
1036 84
434 68
527 90
403|7
110 78
2427 65
3210 70
296 82
61465 67
1663 75
180 70
404|12
204 52
349 68
474 70
34 70
364 76
508 71
105 64
593 80
509 68
277 60
315 58
185 58
405|20
70708 75
293 86
7254 78
37731 77
2959 90
345 79
1213 89
7134 75
64614 84
6023 74
1241 81
2329 89
1247 86
3052 79
68237 85
1199 89
27592 78
27664 75
3418 77
1215 88
406|5
1586 56
135 54
56949 61
46972 61
724 59
407|5
7153 85
2959 87
6539 79
1240 79
54286 77
408|20
1198 93
122904 85
44840 73
165101 73
6618 85
1291 90
1210 91
89745 88
1278 90
7324 78
44 62
8641 84
115210 83
103596 70
68554 77
2571 91
109487 88
63131 80
80489 86
4649 82
409|20
2485 62
2490 74
2028 85
3812 74
1278 85
2997 84
296 87
1078 73
3016 70
1073 81
2683 69
2289 82
3846 73
912 88
2013 68
1911 62
2352 78
1230 83
2541 73
3174 75
410|20
389 75
3224 82
318 93
2302 71
4002 81
1060 80
4297 75
3263 69
1859 75
111 87
58 85
2145 73
3255 77
2321 75
3504 85
3948 75
11 80
4019 82
3 72
597 76
411|20
508 71
261 73
586 59
432 52
353 73
431 73
194 70
318 84
272 73
515 72
356 79
266 65
257 68
349 68
10 68
31 62
344 60
227 54
455 49
122 55
412|20
2828 68
2384 64
2915 75
903 85
608 86
2720 50
2858 84
1883 69
1307 81
1214 82
1784 78
2239 84
1 82
930 87
1136 87
2710 62
915 79
2398 82
17 78
1079 84
413|12
2706 83
1198 97
3753 83
2424 78
593 96
128360 89
4993 95
16 92
5574 84
3948 83
64957 84
2959 98
414|20
4458 68
4666 68
5285 68
5635 68
6033 68
6493 68
6563 68
6628 68
6797 68
48319 68
58879 68
169992 68
3802 62
3599 67
1600 69
8666 45
4975 68
7444 66
4081 65
177593 82
415|19
296 88
1213 89
4321 74
3507 84
4308 77
47 84
1021 58
111 86
2617 69
1276 89
3861 67
4369 67
99114 83
1221 89
63082 84
1234 85
45722 77
1197 89
175 84
416|11
5952 65
5951 50
531 51
1296 59
1199 68
1721 54
830 49
1206 67
7323 58
4848 64
3677 58
417|14
778 91
4995 89
4975 80
7254 82
1198 93
106782 89
27773 89
168250 83
1625 83
7153 92
74458 87
110102 86
48394 86
4878 90
418|19
356 81
296 82
63082 78
104374 76
1276 83
1136 82
117176 73
1573 67
137337 70
1682 75
5816 73
88125 75
74458 76
367 64
89745 78
45672 63
87869 72
7361 82
54001 76
419|20
4093 73
111 85
46976 78
27822 65
2858 83
319 77
6287 66
3578 82
1213 87
64969 76
47 82
79592 71
34319 71
89580 73
60756 75
27704 73
90943 73
2412 53
1240 80
52245 68
420|20
1161 74
4993 84
45499 70
923 83
26693 72
48385 70
1927 79
5608 77
2052 64
6934 67
7022 81
3979 58
59295 72
2329 86
54259 75
1131 79
2762 80
4973 87
5669 78
527 86
421|8
2858 84
909 82
5008 83
953 85
1178 86
2313 80
2478 69
1203 87
422|19
2539 60
2710 53
4947 66
4971 64
5039 69
4925 65
2581 58
4916 64
1265 74
2804 75
3053 71
2665 65
1283 79
4835 66
2908 71
3943 62
1213 79
2670 68
858 81
423|5
1653 82
110 82
2194 81
5349 75
1320 68
424|20
1193 82
141 70
2804 79
40278 74
608 82
108729 70
293 80
69122 74
1092 65
54503 78
58559 83
3186 72
66097 74
778 81
5679 67
3176 71
2288 78
2174 71
71668 71
112556 76
425|20
45517 66
377 69
2329 82
733 71
6 77
1645 68
8368 78
2081 71
4306 76
1680 72
1909 67
367 64
46723 69
1625 72
1036 76
4901 68
750 85
2353 67
1342 61
145 63
426|18
59784 67
150 74
471 69
337 72
54001 75
1197 82
6378 71
72641 72
4886 75
8644 67
37729 71
597 68
5444 73
91325 65
588 73
3247 59
4022 72
79091 72
427|17
4887 54
5463 53
5015 63
110 73
58 73
5528 65
6348 61
5312 60
2710 52
5696 60
4993 75
5266 57
2683 59
5400 57
5816 68
1208 78
5574 65
428|20
2471 39
2762 63
3827 47
1089 69
2953 43
2916 59
1380 52
1997 62
3440 36
4022 59
317 49
4255 41
1208 69
1391 49
6377 65
2581 48
260 68
3285 47
588 60
653 48
429|12
339 80
421 77
150 87
225 81
165 82
266 79
329 78
252 79
279 79
317 75
237 78
204 66
430|12
923 82
2987 74
3745 71
6287 64
2858 81
6365 69
2571 83
4447 68
4014 73
329 69
2076 79
4446 71
431|5
172 47
1625 62
1376 59
3948 58
802 57
432|20
1831 52
5630 69
6870 76
8640 62
6539 77
3916 75
5989 78
84189 70
110 79
35836 71
4886 77
2762 78
1206 82
49272 80
19 57
318 87
58559 83
69481 79
7158 73
33660 78
433|5
91529 73
1089 77
50 77
5299 59
110 73
434|20
1136 84
3147 82
1090 80
1265 79
5989 79
1101 69
1779 62
586 63
344 63
3863 65
1208 85
3160 77
589 80
780 70
6796 76
2791 79
4226 83
2194 80
8665 76
1291 82
435|9
2353 78
44191 88
485 72
3510 79
34405 89
2302 76
158 67
82459 86
48780 89
436|20
204 51
435 46
440 67
432 51
161 69
480 70
377 67
531 63
536 65
502 50
364 76
235 68
371 66
344 59
2 66
585 54
450 63
587 66
437 55
227 53
437|20
748 69
318 91
5 64
640 63
1299 82
1120 76
1396 75
1246 83
454 75
1171 74
1225 87
1183 77
1097 79
1307 80
1268 77
592 72
198 73
155 63
112 70
246 86
438|20
7154 62
2501 74
8966 66
27801 75
1527 73
6711 80
3898 64
1784 72
8644 68
6367 64
2424 63
3889 57
223 76
1517 70
7361 82
2641 62
5009 67
2617 62
3753 68
2393 64
439|5
356 84
4022 76
7153 84
78499 83
1240 78
440|7
8690 72
541 85
29 82
1653 82
1274 81
3174 74
1235 86
441|9
589 92
2683 78
2959 98
4306 91
260 95
296 96
51255 93
47 92
68358 91
442|5
2908 39
2881 28
1186 37
3752 29
4361 35
443|8
2329 88
79132 86
296 88
48394 81
106487 76
108190 66
7153 87
63082 84
444|9
356 84
592 71
208 61
21 73
111 84
110 82
235 74
296 85
344 65
445|16
2028 80
590 74
34405 78
47 78
116897 75
780 67
4011 81
899 80
593 81
33794 76
1080 77
45722 71
17 73
1230 78
306 79
2710 56
446|17
237 60
339 63
300 64
296 77
480 67
368 65
288 61
172 51
17 68
16 72
357 65
150 69
434 55
153 53
648 63
593 76
337 68
447|16
257 78
293 88
337 82
531 74
382 71
589 87
552 72
253 80
362 80
532 71
292 76
31 73
474 81
540 66
442 70
160 67
448|373
2368 59
3284 59
3933 59
6302 59
6476 59
7245 59
48262 59
49688 59
75803 59
75816 59
78116 59
79590 59
86593 59
92198 59
98908 59
100326 59
102819 59
104760 59
108715 59
109191 59
111680 59
113416 59
116207 59
116985 59
129657 59
130083 59
133377 59
136654 59
138546 59
142424 59
151777 59
152658 59
157130 59
158022 59
161290 59
164375 59
53996 59
136778 59
5418 65
288 56
88356 51
2580 68
155358 59
2889 63
4034 69
148888 55
81156 64
2713 48
103335 61
95441 55
34048 55
80126 54
3057 59
1057 60
2794 49
33830 61
8665 64
6059 59
110553 49
90374 61
151501 59
3764 52
6143 59
103819 55
4361 62
104913 62
3986 48
5528 61
1196 72
105351 57
83349 55
3276 59
1090 68
5349 61
587 59
106330 55
4677 56
95508 59
109895 53
110611 59
671 58
2289 67
152077 63
80693 55
111360 50
170 57
87444 58
94323 57
8493 56
3671 67
91653 59
4981 59
2991 64
78034 59
119145 67
5099 54
4299 56
2567 51
6996 42
109864 55
6582 56
73017 65
370 52
543 57
115617 65
590 64
154065 59
5553 57
41569 57
3286 50
6645 64
589 68
1920 50
2857 55
111663 58
78499 70
2657 57
6537 54
1148 71
46974 53
48516 73
80241 58
445 53
4262 66
3689 48
114935 63
6428 59
127194 59
109673 55
127096 60
89388 59
4156 59
3793 63
33679 56
2014 53
64285 62
3968 52
49530 63
3450 56
160563 57
5502 56
8169 61
6314 55
122490 59
3386 62
140725 59
4896 65
2642 41
127136 60
2763 62
2520 59
457 68
48783 60
3263 52
5400 52
5541 55
4011 71
58351 59
127132 59
152091 58
3698 57
435 38
4799 52
84152 67
3401 52
2858 69
3174 61
7076 63
106542 59
6218 57
2860 51
1283 73
3618 60
2616 51
90439 61
2404 42
4660 59
2530 50
26386 59
4327 60
3030 68
71464 58
32 68
91529 68
4158 50
99114 67
98585 59
93326 50
2268 65
80489 65
130576 54
105504 69
2791 67
50601 51
7007 58
4234 56
3623 46
80727 60
78467 49
8641 64
4128 63
106782 69
2537 52
112138 62
3247 50
112818 60
2027 44
3101 53
5779 59
82202 52
1704 70
98296 59
6863 58
89305 58
4203 59
1201 72
6212 48
637 50
84954 54
6814 59
94864 55
67695 57
159077 59
92439 60
6812 55
3156 51
802 57
118354 59
134130 67
138036 61
65135 59
52975 62
4368 43
90717 59
45722 61
79259 59
68157 70
4233 45
74458 67
3258 52
1262 71
3949 68
101025 52
69526 43
1831 41
1083 57
1884 68
1476 61
156609 55
3755 54
111659 50
4734 54
161 62
95201 59
135887 58
2598 49
87232 65
4634 62
5334 57
5459 50
146730 59
72694 59
157432 59
132488 59
4558 47
1375 57
6424 59
71518 58
2716 65
94780 53
3593 30
129354 55
158 46
1409 46
6514 59
2881 54
51662 64
90522 56
68554 57
2126 49
122932 59
93510 65
137857 62
125916 53
2953 47
2090 57
1760 34
480 63
58803 62
2109 59
50792 55
46062 51
85510 56
80864 59
112171 58
122900 62
2587 56
1527 63
117529 56
4993 70
92264 58
5247 49
533 51
912 73
26464 59
2249 59
4678 58
103772 58
114601 59
96861 57
420 45
59615 50
2349 62
109372 57
95207 54
348 62
19 45
136020 53
4502 50
91094 53
138208 58
3511 51
79428 59
2643 35
109183 59
2139 63
4212 59
5942 56
96417 58
112852 70
99728 59
89470 61
142448 57
64983 57
2640 63
2046 55
4881 65
3882 46
3744 48
1032 59
116799 61
5 49
4040 44
157407 59
2115 63
1617 71
4367 49
105254 59
3388 47
3760 60
2146 59
2968 65
6281 54
466 48
96448 55
86332 61
64969 61
115170 59
1036 66
3397 62
2474 60
1408 67
155743 59
106920 67
8542 59
120466 58
2051 52
7143 66
7150 52
89087 53
34150 48
2253 45
2973 66
449|8
1917 55
2502 75
4034 74
1222 76
2770 52
762 45
2011 65
2324 76
450|11
3977 63
589 85
110 86
3363 84
3535 83
3948 76
3409 67
1035 86
3568 76
358 69
1259 86
451|7
733 77
593 88
7 67
5 65
494 76
25 77
17 79
452|20
4025 79
2858 98
2617 82
5292 91
1206 100
1676 86
3219 82
47 97
3101 82
163 91
1092 83
1917 79
2126 78
1356 95
552 82
2628 81
1200 98
608 100
2707 84
3273 71
453|20
208 67
858 93
2335 76
4022 82
3618 78
1617 90
3452 72
1357 86
112 74
2671 78
1884 87
1894 68
2294 74
318 95
1614 67
3534 74
2959 92
798 69
5266 71
780 76
454|9
7361 83
2692 79
7116 62
55820 77
6016 81
27773 78
2160 82
2858 79
26131 74
455|12
272 74
432 53
367 64
590 74
253 71
364 78
555 75
252 66
110 78
225 69
588 74
597 69
456|9
1407 74
634 72
135 67
5 69
724 72
780 77
733 81
260 91
706 78
457|10
329 66
3593 40
2692 80
1356 76
223 77
2394 70
2701 48
3608 63
733 71
2094 66
458|12
597 80
185 72
10 81
380 79
95 71
454 82
300 81
595 85
153 70
587 80
150 86
552 74
459|6
79132 89
5618 92
8961 86
48780 88
50872 86
260 91
460|17
89039 77
4886 84
4703 75
3831 80
1441 80
4878 88
3483 71
8970 82
1 85
49272 88
40815 84
85414 78
68237 87
76093 86
47610 82
63082 86
2571 89
461|6
74458 65
2762 65
1036 64
91500 57
3578 66
539 57
462|20
26838 63
89090 63
164655 63
188189 63
1136 76
1219 74
158966 71
1248 78
508 67
1653 73
1674 66
8917 62
8620 55
3424 74
2146 63
7044 66
3814 73
1213 77
82857 63
26131 68
463|7
6377 84
2028 86
4310 67
3753 74
2006 68
1092 70
5995 85
464|20
1370 72
58025 66
63853 67
296 85
2019 86
3527 76
5254 69
7007 71
1101 70
1779 63
377 73
1653 82
55820 80
648 72
33493 73
1610 79
65088 72
74727 73
1617 84
62374 73
465|20
2941 82
2987 80
1200 87
3448 82
5060 85
1299 87
3703 87
3649 70
1625 81
292 76
904 93
3101 72
1754 80
750 94
1256 84
593 90
3732 77
3740 87
3334 85
377 78
466|20
5418 82
30793 70
79091 80
92259 89
5989 84
5459 66
318 93
63082 84
59784 75
5010 82
74458 83
6281 70
5952 86
8529 72
64716 83
68954 85
4993 87
45447 70
81845 86
55247 84
467|22
41 75
58 80
389 70
466 59
527 84
593 83
780 69
1183 74
1233 84
1357 79
1365 71
1408 79
1721 69
2028 82
2125 76
2324 82
2334 63
2384 60
2390 74
2393 66
2394 71
2493 70
468|7
592 69
349 71
1 78
317 64
296 83
32 79
165 71
469|20
3658 70
3832 70
3507 79
3032 75
2736 74
2132 77
1958 77
910 81
1090 79
1485 63
1388 63
2321 70
1234 80
2081 73
1193 83
36 76
2908 76
909 78
2023 71
3255 72
470|16
253 72
318 88
110 80
588 76
282 66
5 61
597 71
32 80
595 75
592 69
500 69
26 73
356 83
357 71
434 62
300 71
471|6
2571 80
8874 80
527 82
1 77
8360 72
7147 76
472|6
58559 89
3450 73
3298 80
2840 63
1221 90
858 91
473|8
4979 72
2959 82
60 62
7147 74
6281 62
3897 75
48322 73
2596 69
474|422
638 66
2179 66
2697 66
4046 66
5114 66
5311 66
5353 66
5455 66
5601 66
6201 66
6273 66
6382 66
6407 66
6592 66
6912 66
7702 66
7826 66
7832 66
7839 66
8057 66
8446 66
8458 66
8459 66
8611 66
8650 66
8774 66
8938 66
1466 71
6708 70
2940 70
2616 58
2334 59
7139 70
4218 66
371 65
750 83
2935 70
8645 71
5481 57
6370 72
25865 66
2553 67
912 80
2467 72
5548 66
7301 69
52967 65
5945 62
480 70
1983 59
3462 69
1068 66
8600 67
6650 69
8482 66
6791 72
4016 70
1784 70
3668 70
3977 53
8961 73
4160 67
30820 66
6984 66
2750 64
5034 62
7716 66
2612 66
4419 72
1300 73
4187 68
1187 65
6565 72
272 71
5440 66
25937 65
1099 63
3125 66
5826 66
5649 66
7256 71
4912 68
6016 78
1208 80
2083 73
3385 63
2310 66
3360 71
3163 68
1413 67
4081 62
1643 67
968 71
2116 63
26965 67
5954 73
1263 75
5116 66
3536 66
8778 66
63433 64
2952 68
318 83
3394 60
1200 76
3384 72
4356 71
932 73
7698 68
516 65
4873 71
48385 64
39869 69
1902 66
2641 59
7036 62
2181 67
4638 55
31116 68
2455 67
2146 67
628 69
3897 74
1030 57
4022 70
344 58
3196 72
92 56
237 63
6770 66
3259 63
3368 65
26151 66
1293 71
34072 69
3044 69
1639 69
5944 61
6539 73
477 65
7361 80
55687 66
58 76
4014 67
3467 68
8154 70
4191 64
2134 63
4644 68
4293 64
5013 72
1399 63
1196 79
2918 73
5899 68
4465 66
100 57
361 60
3341 71
8921 66
195 64
3789 66
4709 66
1588 61
3468 79
4678 65
2723 64
2118 71
1939 74
7019 64
3147 78
1792 60
33903 69
1682 72
41566 66
1693 65
1957 72
5021 66
2313 71
3870 66
948 70
47099 72
3447 67
6614 65
216 67
5619 66
3987 56
5060 74
3111 71
45950 69
32584 63
5525 66
2567 58
5956 69
7 58
1172 78
3217 65
8331 66
587 66
5238 65
1189 72
2416 62
832 65
3095 72
7386 68
1223 80
7058 66
5246 60
5418 72
27803 73
26 69
4002 71
1135 64
45 65
6945 70
2411 55
2520 66
7347 65
5375 66
5673 70
3039 70
7833 66
33781 65
720 79
2103 62
33154 70
608 79
1327 55
101 73
7061 66
5451 63
5682 65
5434 67
6609 66
31658 76
4578 63
2009 65
4704 66
7572 66
4929 61
3306 67
6334 65
5379 72
5437 65
42418 66
4128 70
7451 73
2786 57
2243 66
27846 72
6197 65
3264 51
3608 60
5603 68
6124 65
1222 79
1663 72
3566 58
3755 61
2628 59
4815 61
2089 66
7102 62
27706 63
7013 70
1348 67
45666 54
5755 63
4055 71
2058 64
4462 60
1544 55
2405 58
4998 66
273 56
1977 61
1732 76
7822 66
7073 66
41527 67
4787 67
1676 64
3708 63
6669 67
317 60
25940 66
971 73
7366 62
3115 70
7026 63
2710 54
50685 70
2114 71
3809 65
3516 65
2770 55
535 64
4878 77
5992 74
41997 70
1083 64
4487 64
7293 68
1016 64
2006 59
1007 59
4993 77
3412 67
5007 66
3929 64
6639 64
8712 66
1876 57
3546 66
34359 66
7579 67
7325 65
6837 66
2634 65
7753 66
8943 60
8385 66
4308 68
3246 75
3745 66
1148 78
42002 65
50740 68
3952 62
1927 73
7581 65
910 77
3948 65
54881 74
1284 77
4007 71
5341 66
3675 74
52975 69
6244 66
965 71
454 68
1247 77
7215 65
1282 73
8207 73
6242 66
6502 75
4509 66
3528 67
2391 71
4262 73
4039 62
42018 60
3271 72
976 66
48394 72
5384 66
5168 66
1358 72
6534 52
8773 66
2384 56
48780 76
1269 74
4600 67
2642 49
111 77
933 80
3578 75
5297 63
944 67
6020 66
2123 57
748 62
4896 72
5380 71
53953 61
3712 65
25996 66
1997 73
4464 68
4085 66
51540 72
2707 63
2069 68
6710 68
1488 62
6378 70
928 76
3038 72
7116 59
44511 66
594 69
1962 69
421 62
4316 62
2761 75
4823 59
892 70
1345 65
5294 74
1408 74
6579 68
3272 67
3421 72
3844 68
6787 76
37736 67
2249 66
1610 73
2468 53
3498 72
4902 69
6268 67
5225 75
5404 71
929 66
25999 66
7835 66
805 69
4126 66
475|20
6539 92
4993 97
87232 92
40815 92
5816 89
8644 85
81564 88
4701 83
81834 95
6564 70
68791 85
111759 94
7153 98
1527 90
71530 77
4896 92
106487 87
112852 96
3578 94
82461 83
476|14
594 77
34 77
380 73
158 62
153 64
586 66
440 75
364 83
378 70
357 75
224 76
165 75
296 87
11 79
477|20
34 76
913 86
3100 82
2105 72
1271 76
1207 85
70687 68
2174 75
45672 67
4571 78
3973 66
4226 86
1103 83
5291 78
348 77
3593 45
1 81
1274 82
6502 82
59615 64
478|5
1917 50
3114 66
594 62
1584 62
1101 57
479|20
5365 66
4488 66
524 66
1025 70
3707 56
1220 72
4010 64
3244 67
3526 68
4092 64
1968 72
4700 62
4003 66
3671 74
2671 67
341 66
2012 66
2542 77
454 67
2384 56
480|20
43914 64
2700 71
8533 68
2193 67
2797 69
3484 55
2571 76
1210 76
2596 67
8866 61
47610 69
6306 68
5379 70
2018 65
7153 77
3911 69
44191 73
38061 77
5673 69
380 63
481|7
1608 55
1687 54
1629 55
1729 61
1620 52
1597 51
1485 50
482|20
2068 73
8985 61
1036 77
474 73
1042 65
4389 70
780 68
27706 67
3211 71
1610 77
4367 60
1374 76
1220 76
1602 63
653 62
592 69
30812 72
4862 66
8361 62
8529 66
483|20
105325 72
783 70
2541 71
2959 87
109971 72
45722 75
1199 86
50872 79
2000 77
4306 80
69757 77
2683 67
2273 68
1588 67
109487 81
66934 81
1721 71
2328 67
68522 72
8972 72
484|20
93320 75
1438 64
6155 73
6944 76
2706 75
33166 83
6874 86
3697 69
1059 80
76293 72
919 83
2762 83
1821 70
837 74
5810 73
1753 78
3254 74
4718 67
2413 78
3646 55
485|5
588 83
161 81
253 80
292 76
231 71
486|12
653 72
47 89
110 89
153 69
474 83
95 70
288 77
329 77
161 83
318 97
292 77
6 88
487|12
27611 61
8961 62
318 72
1198 69
31658 65
1197 69
6539 62
5445 59
116797 64
4027 63
8874 66
86377 65
488|20
720 84
838 77
608 84
1223 85
26 74
5135 75
2109 71
7720 67
7303 74
4014 72
5995 81
457 80
105 68
1136 84
272 76
1269 79
3176 72
1278 82
1125 74
910 82
489|20
79536 60
86000 60
4848 70
736 56
8387 46
4700 57
45666 48
4720 65
2683 56
2021 62
2389 43
1619 60
950 64
58559 74
2236 57
2167 58
1616 54
247 71
376 56
2717 52
490|20
46578 70
89492 67
81591 63
91077 69
60074 54
5816 64
4144 69
54001 67
1 68
1784 64
7153 72
4993 72
89759 65
86320 60
60128 60
76251 63
8368 70
69122 64
2006 54
78499 72
491|13
106782 92
69757 87
7293 84
27808 81
4246 86
3948 82
104374 89
86833 87
140110 82
8529 79
180231 82
4306 90
88405 76
492|20
736 77
784 69
628 85
858 97
852 76
64 75
990 76
830 76
743 64
62 84
52 83
1499 56
66 69
1210 94
881 72
1474 64
1405 72
724 75
1047 78
65 65
493|13
2985 67
4444 68
2916 71
1275 75
2571 79
1527 72
2028 79
3793 71
2167 65
1215 80
4701 64
2924 77
260 80
494|5
1196 87
4498 71
3578 83
2028 86
1210 87
495|20
140523 77
115149 85
1259 87
1721 77
136562 78
80489 84
19 64
50872 85
231 70
102123 76
52319 78
7254 80
7360 84
8528 83
1645 77
46578 88
30810 80
2918 85
148626 87
56775 74
496|6
1221 77
99149 64
858 79
904 78
8865 53
114713 62
497|11
1193 75
112556 69
112290 69
1916 64
92259 75
2329 75
112552 73
1258 74
2762 70
5349 64
111362 69
498|7
344 73
231 73
648 80
10 81
300 81
356 92
316 77
499|6
1202 76
2337 72
38304 78
327 65
56286 74
1304 83
500|18
2599 65
2987 62
543 58
2700 67
2542 71
1265 68
2916 64
356 72
3301 61
1784 64
1914 61
595 64
2355 62
3536 60
1885 56
322 62
838 66
720 73
501|9
6 73
62 67
93 58
45 64
3 61
637 56
11 69
18 68
662 62
502|7
7236 71
1077 75
4412 64
3469 69
2001 66
2520 69
1777 70
503|19
7455 63
7361 77
4878 74
356 75
91500 63
593 76
527 77
858 79
4226 76
1259 73
1342 56
2877 59
92509 62
90866 68
500 62
441 73
48516 77
2858 73
48394 69
504|18
4995 83
5812 77
2321 73
1 81
3556 79
7153 85
6708 77
1288 86
6927 73
4033 80
4700 69
6565 79
342 69
3408 74
6879 74
4361 76
5952 83
5955 74
505|7
1241 83
4105 83
1029 77
74685 78
273 68
6502 87
54999 78
506|9
59258 63
54272 69
37741 72
56782 80
62293 66
51834 61
49286 64
112556 72
61024 69
507|5
165 67
266 63
253 67
377 66
593 78
508|5
2872 48
2011 46
1952 57
1175 55
898 61
509|20
26958 63
130073 63
2028 75
87232 70
33830 66
5313 47
48 58
2090 62
2080 64
6942 70
8907 50
6156 59
5816 68
39 62
3988 56
6807 74
7458 64
1196 76
45447 58
616 67
510|20
1882 30
7026 51
35836 56
494 55
1198 68
514 56
457 63
2935 58
858 70
2699 45
317 49
8949 60
2918 62
145 49
1262 67
6787 64
1208 69
372 44
1242 67
40819 62
511|11
2959 92
53953 72
115149 85
164179 85
6534 63
99114 86
92259 91
318 94
2324 90
1653 87
56757 81
512|10
480 77
150 79
349 74
47 82
350 71
442 65
457 82
50 87
317 67
593 85
513|7
5952 81
318 88
2174 73
235 72
1304 80
1220 77
1080 79
514|20
1335 64
5704 64
62586 64
168358 64
180263 64
1704 75
2005 69
2792 62
2013 59
1673 76
134130 73
76093 73
1333 69
58998 71
68157 76
2406 65
3210 66
54503 73
4855 71
1644 43
515|6
33794 93
2028 97
527 99
91529 95
58559 99
2959 100
516|26
260 83
457 79
480 74
647 70
708 69
1042 65
1090 79
1197 84
1198 84
1954 78
1958 77
2021 72
2259 67
2268 77
3052 74
3471 76
4027 78
4291 62
4306 78
4321 69
4322 74
4333 66
4337 70
4349 72
4361 73
4429 72
517|20
4306 54
53125 46
1265 54
165489 46
97938 51
88744 50
86880 43
4148 38
26761 46
3398 49
1293 52
3988 38
2858 56
4963 53
1204 63
1704 57
47629 50
7669 55
1206 58
46578 56
518|5
3101 62
2657 66
783 66
1876 59
6365 66
519|6
1704 93
356 94
140110 82
6378 86
7445 83
1968 88
520|20
7266 75
318 92
1049 75
59315 81
4995 85
32 85
2716 82
4333 71
1291 86
1732 85
4085 76
2723 73
3081 76
3994 76
33493 76
135 64
2393 71
60516 72
2406 76
1584 78
521|8
661 71
112 69
86 79
104 72
58 83
79 61
52 75
852 68
522|20
99114 79
81932 77
89492 77
63113 70
2959 85
1193 83
1375 68
4993 82
223 78
27611 76
76060 70
180 71
59315 76
1617 82
10 71
67255 79
2023 71
6187 76
318 88
127098 75
523|15
168252 99
8970 91
5989 95
318 100
91529 96
1721 86
293 97
65261 95
4270 79
3147 98
27731 90
134130 95
31696 84
527 100
101962 87
524|20
1356 75
150 74
552 62
748 64
344 61
442 60
253 70
1225 82
20 57
589 77
1242 80
544 64
173 54
1302 71
380 67
457 77
1020 65
788 55
193 49
466 57
525|20
120807 68
317 62
6863 67
8622 70
33004 69
7147 75
2396 74
40815 75
137337 69
1639 71
1968 74
91869 68
45880 67
2100 62
339 67
4886 75
50872 75
86332 70
8983 72
3996 74
526|12
593 87
55247 83
46578 85
176415 74
1295 71
90430 77
4014 76
2352 79
176413 74
215 84
81845 85
51255 85
527|20
2137 79
3114 85
3210 79
3016 75
2161 81
4571 82
2118 83
3421 84
455 60
2867 82
2450 56
1909 77
1214 86
4299 75
736 73
2477 76
588 83
4016 82
1259 87
2533 72
528|15
4886 69
2278 64
80906 71
4037 65
1240 69
64614 71
3821 45
150 68
1291 73
80463 71
593 75
99813 68
85342 68
48516 76
58559 76
529|5
653 60
135 56
65 50
62 69
733 69
530|6
292 73
500 73
300 76
586 67
593 88
11 79
531|5
593 86
590 79
919 80
480 77
1215 86
532|10
1721 77
4863 81
457 87
290 86
1245 91
1242 90
2023 79
2329 91
1304 88
517 76
533|8
1200 92
6502 91
79132 93
46578 92
93840 90
4973 97
2455 83
66934 91
534|20
116724 76
97913 82
94953 75
2003 77
2167 74
7569 82
153 66
1485 69
65514 80
104218 74
344 68
2571 88
5445 80
95875 72
112818 77
82461 73
96610 80
2987 78
138036 78
1566 77
535|6
2571 68
2581 49
2700 64
2688 51
2583 66
2882 53
536|8
232 73
272 71
356 77
335 65
225 66
150 71
434 57
589 74
537|10
80906 84
367 71
7153 88
53322 75
104218 73
97304 83
6539 82
318 93
89745 85
105504 85
538|8
595 87
3671 91
80549 89
4039 78
69757 87
5047 80
44889 82
66934 91
539|8
4306 79
6753 71
5218 74
50872 78
88 65
3301 72
4886 78
69122 75
540|9
2598 68
2959 93
1073 85
8874 89
1681 69
2183 81
2841 78
2747 72
1196 91
541|18
590 74
457 77
413 57
15 61
110 77
595 73
597 68
480 72
356 80
203 66
529 75
357 69
22 66
345 72
546 48
586 60
281 73
350 66
542|20
6539 74
30793 62
5299 63
2542 78
34319 65
33679 65
4963 75
5481 58
1997 75
4025 59
3623 54
924 76
4369 60
6378 71
2571 79
7254 70
41566 68
37733 69
7361 81
45517 66
543|16
73881 85
1702 75
595 88
3301 85
231 76
2378 77
2379 69
86882 88
6377 94
588 89
377 84
48385 82
2571 96
4526 78
4388 69
92259 97
544|22
1 78
3 67
14 72
32 80
40 72
62 72
68 66
95 61
116 69
619 61
626 70
648 70
650 64
694 62
736 65
780 69
839 61
1042 65
1047 66
1059 75
1105 71
1356 77
545|5
1438 58
1267 82
2763 73
1367 62
44 53
546|13
1270 78
3328 80
480 72
1970 61
2456 58
1976 55
589 77
2657 66
1673 79
3941 68
3959 68
3566 60
1977 63
547|5
1211 79
2859 79
2917 80
1394 85
1288 88
548|26
69 75
260 83
356 82
733 73
1196 83
1393 73
1477 70
1621 66
2571 82
2716 77
3263 64
3578 79
3916 75
4776 76
4899 54
5955 71
6874 81
7458 71
8531 66
49910 70
58559 84
74532 65
80862 71
122904 77
125916 64
168712 70
549|5
2571 75
2028 75
4226 76
1210 75
589 72
550|6
167296 77
102125 79
106782 87
116797 86
112852 88
122882 84
551|20
5010 76
34162 71
60069 80
1544 59
45186 72
103772 69
51935 76
4226 82
2353 68
7153 82
5989 78
135569 71
115149 77
88129 74
134130 78
6934 64
47 79
4701 67
2959 84
98809 76
552|20
2916 66
3317 70
1405 52
2953 50
2245 58
2944 69
2890 66
2125 68
508 66
3948 62
5349 65
2959 77
2857 58
173 48
2991 67
2871 71
2628 55
4308 64
4878 73
3101 56
553|17
55765 88
3481 84
1923 83
2571 91
4011 92
50 94
3949 89
1089 93
44199 85
5513 79
2231 87
2395 82
3052 83
61257 79
1221 94
33166 88
2959 94
554|18
1196 89
1022 78
2820 76
1207 88
1517 78
1282 83
1210 88
1760 52
2282 72
1225 90
907 75
1358 82
2096 77
1028 86
593 89
608 89
953 87
2324 89
555|20
790 70
3664 70
1 78
3111 75
3395 70
104 69
1334 67
2506 69
2072 65
4002 76
1266 83
2641 64
2256 69
2791 78
2701 49
1333 75
1320 66
337 75
1393 73
3526 73
556|7
162600 78
122890 75
3081 79
88125 84
588 83
72998 80
74789 68
557|6
648 71
231 64
1291 82
260 84
1210 84
150 78
558|12
5329 74
5064 84
4903 76
2297 79
2568 72
4993 89
4306 86
367 73
5283 71
1097 83
4164 79
5294 85
559|20
552 62
608 81
355 49
329 65
544 64
1527 73
173 53
377 68
745 77
174 60
529 75
350 66
349 69
533 60
836 58
1210 80
420 55
786 61
227 55
253 70
560|20
5839 68
91535 63
136018 65
67997 75
79132 79
3253 70
142558 68
2355 70
39435 65
1527 73
40414 71
64614 77
48744 70
56587 68
593 81
76251 72
84944 70
109313 68
5878 77
40819 76
561|20
168174 66
5308 58
78469 61
3703 75
60069 76
91535 61
2105 64
73017 73
5445 70
2000 71
83134 71
79132 77
79592 63
80463 75
89745 75
527 79
8972 65
353 72
33162 68
68157 77
562|20
27140 77
6870 83
6377 87
2580 87
1249 90
4776 83
36529 81
1259 87
1982 81
2268 84
2133 78
83134 83
3210 79
48394 84
30707 87
33836 63
2692 88
88163 87
99191 77
1240 84
563|20
61071 66
70932 66
80858 66
919 74
74450 65
588 72
5943 53
118997 62
86833 71
1197 81
128832 66
85397 66
45221 59
33499 62
7380 67
96821 74
81784 64
95307 61
65585 66
55250 62
564|20
50942 70
356 83
31685 66
131013 68
61024 75
79224 61
87869 74
500 69
108156 69
81784 68
93270 59
6188 71
106918 79
65230 67
67087 71
80693 67
94677 71
8984 68
73266 67
2671 71
565|6
590 76
231 63
19 57
21 71
50 84
539 71
566|15
648 69
10 70
231 62
329 67
342 66
141 70
203 68
345 73
39 67
497 78
265 74
588 75
708 68
353 75
2 69
567|20
8189 45
26743 45
92681 45
109897 45
152071 45
5690 56
136602 46
122888 45
6333 51
1274 54
122922 51
153070 45
151687 45
117877 45
108928 41
954 56
122924 42
27773 55
648 45
135887 45
568|23
50 84
147 75
296 83
356 82
480 74
593 83
765 64
1103 80
1104 88
1257 75
1298 75
1895 70
2313 76
2359 72
2863 71
3053 75
3148 77
3261 69
3363 78
8169 73
46723 71
63853 65
65088 70
569|5
231 74
50 96
380 81
588 87
592 81
570|20
208 54
8636 71
48516 78
1225 78
586 57
2683 60
457 74
1196 77
110 74
4993 76
7361 78
1198 79
1079 75
10 65
3793 69
1391 59
589 74
380 64
527 78
185 56
571|20
1331 55
2982 55
2366 58
1128 49
610 57
2902 51
1998 47
3696 56
1980 55
1987 55
70 57
1924 50
2279 44
1327 44
3732 55
1972 44
1278 66
1644 33
2327 60
1978 52
572|20
1961 84
2570 73
2788 89
2321 76
111 88
904 92
2987 79
2302 72
1834 83
2539 71
2917 82
1307 83
1 84
161 80
3421 83
838 83
1356 84
2006 70
3167 76
1953 84
573|20
89745 89
72998 82
3752 77
356 92
7293 82
6754 81
8665 85
32587 87
1073 87
88744 85
1127 84
68954 90
98809 87
2640 84
48516 94
71535 87
59369 82
60069 91
88140 83
1562 59
574|23
47 79
110 79
150 76
153 60
161 73
185 62
225 70
231 63
292 68
296 83
300 71
316 67
318 87
329 67
339 69
344 63
380 69
410 64
434 62
588 75
592 69
593 83
595 75
575|8
2566 63
2580 74
296 78
2581 57
2572 68
2542 76
2574 54
2598 55
576|5
849 53
1321 61
1373 51
1479 59
2289 70
577|20
2415 67
1183 71
1288 80
1129 69
2944 75
2194 76
733 70
1213 81
2076 75
2020 76
1262 80
1931 73
1391 62
2987 70
952 73
1909 67
260 80
919 75
2248 74
1270 77
578|6
6751 79
52668 81
45668 78
830 74
72407 69
75446 79
579|15
3174 80
2485 67
1022 80
2018 79
838 85
1917 70
1391 72
596 79
1573 77
2965 78
1653 88
2599 83
892 82
2687 78
595 83
580|20
5767 68
6583 68
480 72
8844 68
6989 69
3809 67
41569 66
3699 65
4041 70
33166 76
356 80
508 72
8376 68
3578 77
608 81
3785 60
3089 79
1320 63
54286 72
1201 82
581|8
7153 89
5995 88
4973 92
116797 86
3949 86
4306 85
109487 86
6377 87
582|12
91529 84
2959 89
116797 83
4993 86
5618 87
2571 86
76251 77
69844 82
104841 77
48516 88
97752 77
76093 83
583|12
8533 70
88405 60
2706 66
117590 72
317 61
60756 69
6942 72
595 71
46578 76
104 65
2694 62
7451 73
584|17
288 80
22 81
203 82
315 75
500 82
316 80
539 84
234 70
296 96
257 84
434 75
586 75
338 74
349 84
282 79
480 87
590 89
585|13
3173 73
1228 91
54503 86
2959 93
428 82
1405 68
7254 81
441 88
1805 70
296 91
27373 78
5325 80
79132 89
586|20
34332 80
4016 88
111659 75
106002 81
149406 83
167036 85
45499 82
136556 83
5445 88
117851 82
1291 94
71264 87
106489 82
135436 80
3753 83
2640 87
3147 95
122916 91
3793 88
101362 75
587|20
1234 87
628 80
2012 77
534 79
2002 68
1641 83
236 74
1376 78
2622 76
1541 67
3260 83
497 85
3082 74
445 71
3448 82
2574 66
765 71
691 75
329 74
3406 76
588|12
50 77
16 72
20 52
356 75
350 62
198 62
593 76
364 72
163 66
253 65
223 71
3 60
589|8
1092 73
318 94
590 83
373 79
586 69
587 77
527 91
337 82
590|20
924 75
8807 69
2371 62
38061 78
81834 75
40815 72
4890 60
903 76
5 56
3624 60
555 71
4047 70
51662 70
2085 66
419 53
595 70
329 63
2376 65
3635 67
2398 74
591|11
2908 71
2706 65
2712 65
2355 67
3615 60
3578 74
2394 66
3798 60
356 77
223 73
2724 54
592|19
514 76
2 74
153 64
415 63
110 84
177 69
420 61
380 74
44 58
788 61
588 80
163 77
204 60
610 77
39 72
419 62
253 76
432 59
240 72
593|20
1196 75
1073 69
1086 73
1617 74
4034 72
41566 62
1197 76
344 54
8368 72
339 61
2959 77
8961 69
5816 66
2797 67
4896 68
588 67
595 66
5952 72
377 62
141 62
594|20
7031 80
2671 81
7115 79
1616 74
5943 66
1188 82
2269 76
1733 85
4902 83
6996 63
780 79
1429 81
6140 81
7046 74
39 78
595 85
799 84
2028 92
8482 80
7169 82
595|5
265 82
50 92
1186 82
1199 92
1966 78
596|20
33649 68
43744 68
182793 68
129397 66
128908 68
1 76
142488 81
122922 74
4310 60
71838 65
4025 59
2501 74
110102 74
149406 67
2774 68
5502 65
8665 73
6537 63
2571 80
345 72
597|20
1799 78
490 71
3040 75
2529 85
2858 86
903 87
3039 81
2000 81
1291 87
357 77
1228 89
1845 86
2411 65
1580 76
1148 89
1198 90
2723 74
485 69
592 75
2692 87
598|5
56367 80
8360 76
593 86
114265 73
103543 71
599|496
26142 54
26567 54
26590 54
26676 54
26854 54
27595 54
34800 54
53450 54
60803 54
69131 54
74696 54
79895 54
84523 54
87960 54
92674 54
98799 54
102735 54
102852 54
104017 54
105020 54
122433 54
157865 54
158874 54
160978 54
161044 54
174727 54
179053 54
1801 56
6035 56
3387 50
33437 56
112 50
5995 65
167706 54
4394 54
836 45
7235 56
8809 55
102749 54
89087 48
42011 41
432 39
471 56
5628 54
1015 48
2 54
2269 50
69 59
3947 53
79091 58
104837 54
4037 57
7587 56
6881 55
1449 61
7225 56
81229 55
68952 61
4728 47
5081 52
33966 54
1779 45
3669 54
87197 54
170297 54
79057 54
95965 54
55207 54
4007 59
1220 60
80831 55
46723 55
71282 60
7757 57
3259 51
92309 55
1376 55
7192 53
4654 49
101423 54
53468 51
62662 54
3174 56
3698 52
2882 51
2359 55
1183 58
2792 51
1095 57
8387 40
53125 54
115713 62
2949 60
2471 38
3 51
1231 62
3861 46
240 52
1480 54
2301 59
1445 45
8045 54
586 46
2942 42
1185 60
4594 54
2474 56
3671 62
3196 60
64839 62
98697 54
2606 43
1777 54
5309 46
7022 63
4873 60
541 66
27311 57
43921 56
67734 54
4240 54
5026 63
168 45
33493 55
4125 48
7354 53
207 55
1094 53
742 49
1609 52
1042 49
3362 63
4553 57
4632 54
2278 55
468 51
122904 61
75416 54
42718 57
4285 51
79274 57
1794 54
45081 48
108192 54
3489 55
3503 62
89804 53
163809 54
577 48
3071 54
1204 71
3981 39
95771 54
45382 55
6548 49
59387 59
166528 62
168492 61
6691 54
605 47
424 47
2991 59
248 48
97950 54
3865 55
1216 55
342 50
35836 55
27772 49
176419 55
151781 54
277 47
6320 48
39381 59
5111 54
4090 55
2450 32
2676 54
2356 47
79702 60
1597 48
410 48
1721 53
3702 54
183301 54
1387 65
2072 49
26729 58
2393 50
4247 37
4591 50
1032 54
3087 49
1895 54
634 48
210 53
2074 57
51575 50
3505 60
5247 45
481 51
4215 43
1355 49
2657 52
2028 66
4011 66
420 41
552 48
1196 67
2395 56
5303 54
1752 49
3186 56
4310 46
1784 58
3200 64
7254 57
688 45
473 45
1079 64
1552 46
1148 66
1544 43
63113 53
2325 52
26649 56
6804 54
161 57
4109 49
34332 50
1653 64
4808 48
7707 54
3468 67
502 38
1221 68
1792 49
68319 46
6787 64
2119 47
3884 45
4254 38
3973 47
103609 54
8934 54
5377 61
42632 58
55290 57
4506 53
7840 55
5568 48
1689 46
7005 54
103228 57
59947 54
786 47
4351 53
172253 54
4679 49
1411 64
117630 54
1590 47
112623 55
3146 41
8984 52
1920 45
519 35
179817 57
3979 40
3741 61
44020 52
26630 54
7285 58
3030 63
1021 37
8638 57
87 51
7153 66
2877 50
2018 55
3173 49
5198 54
7101 51
7701 38
3213 62
26159 55
2339 54
33896 55
2000 59
4006 54
136562 54
37382 49
6645 59
171763 65
8528 59
27008 54
4017 58
4167 51
86142 58
1249 67
3255 56
736 49
2779 53
84414 57
27773 64
2083 61
98499 52
4034 64
119828 54
1993 48
94864 50
6631 49
2321 54
26242 53
3703 64
41566 54
2529 63
1968 60
8914 59
3257 46
159403 54
1036 62
76093 62
5103 54
6947 58
1952 66
2124 52
4084 45
6016 66
778 66
81 50
2171 54
1253 61
4275 52
7982 51
3723 57
849 46
2681 53
6565 60
39414 51
122916 61
6440 61
8917 53
72011 58
1605 51
1240 61
923 65
68157 66
5961 54
5053 54
3571 55
2403 58
3871 60
44238 54
72226 64
7004 44
2054 42
62970 53
5159 51
354 56
122924 50
48774 62
1394 64
3763 52
70286 61
1904 53
3969 57
81562 57
102590 54
233 56
4155 51
1031 57
76 53
459 46
1097 59
1178 66
60291 55
3328 66
1232 57
3036 57
5283 47
4327 56
610 56
2726 61
4732 42
5970 53
2396 60
594 57
1247 65
45499 52
3476 56
2399 48
137218 54
1997 61
3271 60
27801 61
6365 52
1799 56
580 49
122900 57
2803 50
80219 51
466 43
110882 56
3997 34
26176 54
2378 47
117895 40
26662 64
90603 57
119218 54
44 37
809 43
1960 59
4519 53
1959 58
414 46
1073 61
61236 51
1479 52
4019 60
1245 67
37857 60
161032 54
371 53
3020 57
88593 54
6774 59
2005 58
90405 51
26285 54
6793 36
627 55
1617 66
6734 50
108090 54
2427 50
51024 55
122922 60
3440 35
6874 65
4919 54
338 45
81591 57
1704 65
1499 28
357 55
62155 55
144 52
34148 54
53519 50
4504 54
2796 46
216 56
6827 45
1429 55
7445 55
1385 44
90471 54
8425 54
10 55
26542 53
7387 60
72998 56
89470 56
3629 61
1297 58
3424 65
1672 54
44761 63
196 40
70703 54
2383 47
180 55
4040 39
6333 59
4440 56
5291 59
88235 55
1639 57
4580 47
153236 54
86190 54
4477 42
103027 54
32291 54
34811 54
5171 43
122260 54
8784 60
5954 61
8798 60
707 45
880 41
314 59
61323 56
600|20
3269 52
1394 71
3785 53
2717 52
5569 61
4306 69
1206 73
56775 58
2015 61
7 53
2013 55
262 69
1210 73
1060 66
2431 59
2077 62
2423 63
4641 64
527 74
5076 59
601|20
141846 79
68157 90
1262 91
106782 89
60069 89
49272 89
5445 83
1193 92
1207 90
79132 90
904 94
166024 81
1917 70
7153 91
2324 91
170697 80
31658 89
5989 87
88810 88
2571 91
602|20
161 69
19 53
350 65
494 67
14 68
471 68
125 70
434 58
235 68
481 63
315 57
371 65
474 70
527 80
21 67
349 67
440 67
339 65
480 70
163 69
603|20
602 67
803 67
2008 67
2577 67
3459 67
4787 68
2912 74
1769 59
485 60
4420 67
920 71
1 75
2706 67
1844 70
3787 70
1222 80
190 66
2716 74
3983 76
101 75
604|20
220 72
292 70
151 74
329 69
410 66
426 72
435 52
316 69
22 70
235 74
181 54
332 66
273 62
637 63
285 72
173 58
588 77
23 66
553 77
1 80
605|20
35347 65
6787 75
1197 79
5667 65
42738 60
51662 70
7373 63
596 66
780 64
4571 69
2316 65
7454 53
150 71
60040 61
8977 52
3269 56
72982 65
1210 77
62376 61
60937 55
606|20
263 71
563 71
583 71
3808 71
4671 71
4840 71
5856 71
6111 71
6573 71
8685 71
32728 71
55805 71
3147 83
4392 71
2311 73
6308 65
50842 73
6591 78
8270 72
2025 78
607|20
891 73
1610 80
448 74
3147 85
1094 72
1307 80
592 72
204 59
1552 66
527 87
3476 76
296 87
2313 79
3440 55
423 68
1518 72
2118 79
2193 76
380 72
2028 85
608|20
52245 59
2997 74
3793 69
2763 68
174 56
2000 69
1214 73
919 72
2700 71
4161 62
5146 61
1639 68
541 77
473 55
2529 73
522 67
4343 57
1909 64
2431 63
1220 71
609|8
296 78
833 52
356 77
339 64
454 67
318 82
208 54
292 63
610|20
5953 74
58975 74
70206 74
78626 74
82765 74
97988 74
107447 74
107462 74
110591 74
110746 74
118082 74
139655 74
160341 74
86644 66
56801 67
61024 79
77561 74
4816 74
62434 76
3972 82
