75 0.00019872
8686 0.00019021
9678 0.00018834
5104 0.00018780
725 0.00018679
3257 0.00018572
468 0.00018490
7730 0.00018394
7175 0.00018384
5526 0.00018284
8880 0.00018259
6165 0.00018138
2524 0.00017977
7531 0.00017796
9705 0.00017727
6674 0.00017672
5479 0.00017632
8730 0.00017545
5486 0.00017464
579 0.00017464
4969 0.00017395
5602 0.00017374
5467 0.00017350
1741 0.00017318
4499 0.00017223
3334 0.00017212
4561 0.00017180
43 0.00017169
9083 0.00017159
989 0.00017079
5919 0.00017036
7157 0.00016922
5883 0.00016887
646 0.00016811
9884 0.00016802
2414 0.00016787
486 0.00016768
6364 0.00016730
2387 0.00016722
2932 0.00016720
2588 0.00016691
1963 0.00016663
6147 0.00016601
4304 0.00016600
5142 0.00016570
5823 0.00016562
2229 0.00016561
3094 0.00016546
5029 0.00016542
8294 0.00016523
260 0.00016504
3331 0.00016500
5390 0.00016497
9674 0.00016480
5786 0.00016443
1506 0.00016433
4049 0.00016390
1750 0.00016390
2213 0.00016384
1932 0.00016379
3794 0.00016376
3790 0.00016375
1879 0.00016358
9768 0.00016338
9325 0.00016318
209 0.00016314
9106 0.00016310
6248 0.00016270
3029 0.00016263
9134 0.00016229
1486 0.00016226
2549 0.00016212
4613 0.00016203
40 0.00016191
3190 0.00016178
511 0.00016176
3350 0.00016162
9067 0.00016145
2711 0.00016117
664 0.00016114
5191 0.00016099
2180 0.00016094
9677 0.00016092
407 0.00016088
9817 0.00016076
6403 0.00016065
2880 0.00016045
1289 0.00016041
4602 0.00016037
9464 0.00016020
3534 0.00016020
9272 0.00015983
2123 0.00015968
2191 0.00015951
7887 0.00015940
3610 0.00015939
604 0.00015906
8160 0.00015897
9645 0.00015893
5206 0.00015883
