1|20
260 98
1927 88
804 82
3 82
1009 82
2406 85
1587 83
3671 91
2617 79
3053 87
2571 96
1222 95
2137 86
1377 79
2395 86
2761 92
2641 79
2872 86
1258 96
2700 91
2|6
333 75
122882 76
71535 77
46970 69
58559 83
80489 75
3|8
5764 48
647 48
6835 48
5919 48
2851 46
2288 55
5048 44
4518 47
4|20
106 66
1291 77
3408 68
265 70
52 68
4347 68
2467 70
908 78
345 70
1304 75
1923 70
2959 81
368 68
1219 76
4765 68
1199 78
4166 65
1732 77
21 68
2858 77
5|9
515 73
1 78
364 80
608 82
290 74
261 75
34 73
318 87
21 71
6|20
349 73
318 89
775 71
141 72
348 74
104 71
327 65
410 66
165 74
87 70
366 69
17 75
1084 79
222 72
16 79
416 66
277 67
460 70
867 68
316 68
7|20
8528 67
3623 52
8636 69
8360 66
1517 65
466 54
8373 55
1220 69
7155 59
8808 60
6863 63
31878 64
1610 70
1219 73
4700 61
45668 62
8970 66
27741 65
6333 67
8865 57
8|10
356 82
47 79
231 63
318 88
454 72
292 69
32 79
141 70
380 69
252 68
9|10
5451 64
923 74
5890 66
2901 62
922 74
6044 65
1987 65
5378 60
3735 69
5447 64
10|20
597 65
33679 62
8533 67
8969 61
72720 64
88810 70
136020 60
6377 73
5943 56
109374 71
113394 64
61250 58
82167 60
140110 64
5377 69
77841 64
6942 69
1028 73
72330 64
66203 60
11|13
733 76
1584 77
1210 86
170 73
1438 66
648 74
1918 68
493 76
10 75
457 83
1693 73
150 80
1923 77
12|7
2717 77
2100 78
838 88
2072 80
1876 76
2581 78
6942 88
13|7
3717 69
3624 69
3798 70
2174 75
47 82
3893 73
305 69
14|10
344 62
477 69
110 79
540 62
597 70
153 60
592 69
4 63
539 70
105 68
15|20
91529 73
7438 73
111759 72
2329 78
1 73
1909 65
1240 73
115713 70
1200 75
293 75
2571 77
3949 73
120466 65
1198 79
2028 77
2011 67
158 55
160980 66
4306 72
4022 70
16|20
1230 73
78499 75
913 75
1136 78
1299 71
1617 76
1203 76
3429 71
2858 75
608 77
3683 73
4002 69
1199 77
912 78
2707 63
5782 70
1260 68
319 67
27773 72
2109 65
17|20
260 88
64839 80
296 89
5952 86
527 88
1193 87
3681 84
1240 82
2717 69
2858 85
1093 74
81932 80
5618 87
50 89
5971 82
2959 90
1201 87
541 87
82459 80
1 83
18|20
8117 71
65596 71
88094 71
145283 71
157110 71
166015 71
171023 71
103253 68
60684 77
44199 76
2 71
86628 71
59784 71
2918 79
109374 79
4226 84
53129 76
139385 77
47 81
1291 82
19|20
3692 53
3662 53
54 51
2733 52
1702 49
1240 61
1270 65
3712 53
1881 53
216 55
3 51
1834 58
2184 53
3017 53
2044 52
2354 49
2005 58
3146 46
3387 52
2694 51
20|20
1566 72
5419 69
4014 73
2140 75
586 65
661 71
3189 74
5014 76
1333 76
4161 70
3784 68
1030 66
5313 61
2804 80
2054 62
34 75
1097 78
6358 72
4519 71
1722 66
21|20
107013 64
117922 64
140301 64
57640 68
2985 64
2990 65
2717 58
5418 71
31433 62
112175 68
7153 76
30793 60
4446 64
52973 68
45186 66
2023 65
79185 63
1721 64
102125 66
5459 58
22|20
8961 56
2723 48
60950 49
64575 49
1193 62
70286 54
4993 61
2160 59
39183 51
7147 56
3996 56
3481 53
55765 55
48780 58
7361 62
51540 54
6711 60
2968 55
3949 57
48394 54
23|20
6234 66
3996 73
293 76
1206 78
1136 79
1960 69
7587 67
3424 74
3181 70
2467 70
1248 76
1617 77
6807 74
1952 74
6440 70
1258 77
1243 73
1080 74
8228 67
1711 62
24|20
1784 72
2617 63
111759 75
134853 74
58998 73
1265 76
1198 82
3147 79
1197 82
1220 74
2424 63
5418 74
72011 71
54286 71
27773 75
64957 68
356 80
44191 76
1682 74
68358 75
25|6
58559 95
60069 92
74458 89
79132 93
527 95
260 96
26|21
10 71
34 73
47 80
150 76
153 60
165 72
185 63
208 60
225 71
288 68
296 84
300 71
344 63
349 72
356 83
380 70
434 63
454 72
457 79
592 70
593 83
27|20
1196 82
2478 66
2640 72
3508 78
3555 70
1201 81
3519 68
969 76
2080 70
673 60
2886 66
2529 77
1387 79
1101 68
1947 71
1250 80
1276 81
3114 76
1083 68
3809 68
28|20
27450 57
60943 57
61011 57
63033 57
5617 64
59369 59
60046 57
507 56
3300 60
55094 57
59018 57
26695 57
2951 65
3006 61
2231 63
5418 64
26812 57
2058 56
353 63
61167 57
29|17
98961 80
7379 75
1250 85
1201 87
111362 80
48516 88
1100 66
26554 76
3441 75
4327 76
2872 77
2301 78
1617 86
3681 84
55820 82
4223 77
99114 83
30|7
5952 94
108932 88
1200 92
91529 91
116823 86
112852 92
1198 97
31|10
1198 88
1200 83
648 74
1363 73
1073 81
1036 81
1197 88
377 75
1246 83
1270 84
32|20
236 71
314 75
1356 79
357 74
224 74
627 73
1079 82
1084 80
318 90
761 65
1197 86
849 66
912 85
880 64
1198 87
58 79
203 72
608 85
497 79
410 67
33|20
110 81
17 76
2396 77
2272 71
448 72
428 75
265 75
1280 77
1177 75
1617 82
50 86
261 77
11 76
452 69
345 75
608 84
150 78
1188 73
800 77
2690 74
34|18
780 66
2273 64
3717 63
26606 67
45499 66
3996 73
4310 61
3624 63
31685 63
1721 66
5146 65
7090 75
70 68
2006 62
3000 76
4306 75
27728 64
3997 55
35|5
11 81
185 69
595 82
21 78
300 78
36|12
5171 45
3066 57
552 48
4025 46
1262 62
2735 46
2359 54
1372 52
1278 63
2194 60
3347 58
1704 63
37|5
344 71
356 90
661 76
329 75
457 86
38|16
434 57
39 62
223 71
161 67
246 73
168 57
273 57
480 68
356 77
457 73
364 74
50 78
500 63
300 65
551 66
21 65
39|20
2571 86
2391 77
1921 81
1862 65
1219 83
1907 78
2081 76
2459 72
924 83
2529 81
1729 77
47 83
260 87
2080 73
592 73
296 87
3213 79
610 75
589 83
596 74
40|20
440 77
454 78
588 82
339 76
158 66
432 64
431 81
186 66
616 79
514 77
21 77
592 76
1 84
223 83
585 67
216 78
104 75
371 76
111 87
267 71
41|20
96829 65
64839 66
122882 66
6287 56
1569 61
106920 67
86781 65
3160 66
1721 60
2028 72
6763 54
5418 67
53519 58
122904 67
55247 67
924 69
4011 72
2324 72
35836 62
5995 69
42|20
3869 75
4654 70
1021 61
2423 74
3248 61
4477 65
2500 66
1431 64
195 71
3326 72
2407 70
1090 81
2735 66
3693 68
1020 70
4545 71
4132 68
2263 69
3535 78
2805 66
43|20
225 91
296 100
596 91
588 96
587 90
420 80
158 81
631 87
5 83
597 91
168 84
355 76
47 100
367 86
519 78
594 94
236 88
1 99
60 87
259 88
44|10
36 74
663 69
12 58
661 67
94 72
1 77
104 68
112 66
494 70
889 68
45|20
2718 76
1036 84
2028 89
1653 85
1682 83
2396 82
3249 75
261 81
4308 78
329 74
1367 71
2890 80
593 89
1127 79
2431 75
6377 86
569 74
1197 90
1060 80
2858 87
46|9
590 83
588 83
315 71
208 67
1 86
432 65
225 78
434 70
339 77
47|20
508 64
68932 60
72395 60
2420 62
597 60
148626 66
5989 67
96588 64
69122 63
6155 58
4975 60
30749 65
106100 64
45950 61
2028 71
4018 55
1259 69
6373 58
33166 66
2407 57
48|7
4886 84
1320 74
1527 82
1193 89
3793 82
48 73
1653 86
49|5
2028 87
1214 83
139385 80
318 93
527 88
50|20
8143 53
114335 53
136564 53
142074 53
171759 53
175693 53
179073 53
175707 53
71264 55
82848 53
1377 48
44555 62
8157 54
6807 61
95543 53
8253 52
96610 56
924 63
32875 53
4896 59
51|20
7040 75
5620 70
2613 71
4437 78
2023 76
1500 79
522 76
858 91
4508 77
2951 83
1014 76
1407 72
2282 73
2420 78
3388 69
260 89
3186 77
3994 76
3501 74
2371 73
52|20
152081 87
51255 92
74458 90
1923 86
7438 92
40583 84
59784 83
55765 89
112852 92
86892 84
55363 87
112138 85
49272 92
52245 80
69481 90
50794 79
1704 94
54736 85
44665 89
47200 82
53|5
481 86
1100 79
249 91
1125 90
916 96
54|7
296 74
593 73
639 58
1 68
205 58
161 63
500 59
55|5
2407 55
673 48
3275 69
2890 61
4011 69
56|10
786 71
253 79
165 79
110 86
589 85
370 71
434 69
410 71
69 80
185 69
57|20
2140 69
942 70
920 70
3175 69
1784 70
3429 72
933 76
1193 79
3446 64
160 57
1499 48
2640 70
892 69
11 70
2947 72
6 75
2478 63
2291 72
1688 65
2301 69
58|20
588 82
282 74
185 69
419 69
367 72
277 72
48 73
280 80
337 81
345 80
3 74
357 78
527 90
587 77
218 76
500 76
508 81
368 78
364 87
353 82
59|20
1696 78
6460 86
3489 82
1188 82
1222 92
2076 86
3448 84
1263 87
1247 89
527 93
1244 88
904 94
903 89
965 83
2616 75
1953 87
608 93
105 78
912 93
3471 86
60|5
832 69
58559 82
805 72
455 56
858 85
61|8
266 73
1101 73
7438 83
173 63
555 80
2012 74
4878 84
3949 82
62|20
99114 86
176371 83
3793 83
56757 81
73017 85
30793 74
179819 76
68554 78
185135 80
168248 83
5903 84
4878 89
2028 91
5502 77
6058 75
344 72
1721 78
45499 77
41566 80
78105 74
63|20
5669 73
4246 71
48780 76
500 66
6016 78
31658 75
2858 78
64285 69
85414 68
1221 81
106696 69
4963 74
50 81
1097 73
260 81
110 77
1222 78
4979 72
5952 78
77561 68
64|20
5878 79
3101 69
2640 77
2959 88
8784 78
2054 62
4239 78
4025 66
5026 78
40819 79
266 71
2699 65
27266 75
3969 75
1805 67
6296 77
4776 78
3148 78
4262 79
356 86
65|7
1246 81
33660 77
7458 72
2329 85
4993 84
91542 75
3147 83
66|20
593 90
47 87
5418 84
922 87
2139 80
2956 75
3745 77
1956 81
4581 77
5349 80
1210 88
1094 76
2001 74
380 77
6539 84
671 77
1 85
6378 81
7766 79
296 91
67|8
99114 79
4306 80
27193 72
79132 82
60069 81
2012 72
4886 79
4993 83
68|20
47978 64
95218 64
6534 54
48696 65
67267 65
30825 60
1799 65
3556 68
8622 66
4351 63
63113 64
58295 64
7151 65
2413 66
6287 60
653 58
41566 65
5541 62
260 77
48043 64
69|10
4370 80
4848 89
3671 88
2476 84
1193 93
356 94
553 86
4022 85
260 94
3994 82
70|13
1193 90
1097 83
1914 78
1269 83
4995 87
318 95
8949 82
1968 84
1210 90
89492 82
1250 88
1235 87
2366 79
71|7
494 72
647 71
736 67
95 63
733 73
589 79
7 65
72|9
1047 73
150 82
858 91
2490 76
1357 81
260 89
50 89
1198 90
1196 88
73|20
1193 84
45720 74
105037 70
6333 76
59315 77
76293 70
138204 72
2706 72
152081 75
45221 67
68135 72
150 78
8376 71
93510 76
59784 71
116823 75
106072 71
1682 78
52245 68
35836 73
74|20
31522 80
2594 83
2908 85
30749 86
6870 85
3006 84
52281 83
49772 82
55118 87
2997 90
6305 83
608 93
4546 83
41863 83
27773 88
6001 84
1251 87
6552 83
46976 85
44555 89
75|14
5445 66
1240 69
5952 74
2193 65
6870 67
2529 70
168 56
541 74
3176 63
1962 64
2078 69
1889 65
1266 73
1374 69
76|20
48877 52
5956 59
2918 62
58803 58
1247 65
74458 63
7669 61
79132 67
8957 52
858 73
55820 63
1258 68
63436 54
1201 68
1208 70
48 51
288 54
34405 64
1 64
1196 69
77|6
3996 77
4973 84
7361 84
8636 77
3578 80
33794 78
78|13
296 78
165 67
3809 64
589 74
546 52
27904 69
260 78
590 70
480 70
68791 64
344 58
44974 67
380 65
79|13
3266 84
3029 78
589 87
1916 80
307 83
4005 78
260 92
1189 82
1345 78
2000 83
1374 84
2659 78
2076 84
80|20
7445 83
96691 81
84189 82
91630 84
49530 85
8950 88
6539 89
4223 84
5630 82
3527 85
76251 84
80363 79
52604 84
6502 89
34048 79
1221 95
60684 87
6952 78
5989 90
77561 82
81|26
10 71
32 80
47 80
110 80
150 76
153 60
161 73
165 72
208 60
231 63
288 68
296 84
316 67
318 88
329 68
344 63
356 83
364 80
367 66
377 71
380 70
457 79
480 75
588 76
589 79
592 70
82|20
6886 68
2381 63
2378 64
6566 65
368 70
6536 69
3253 70
4310 62
1608 67
1372 68
145 64
356 80
6708 71
1485 63
4369 63
6564 59
6888 55
5803 61
4015 59
364 78
83|20
56367 68
7143 68
7323 64
6539 68
161 65
586 55
2115 65
1270 72
6874 71
2324 73
1537 65
7153 74
68954 71
48774 69
30749 67
8014 67
1222 74
3753 61
1223 72
64983 61
84|20
55 71
987 71
912 84
1096 74
420 60
1227 78
113 69
580 68
5060 77
1293 75
900 72
1097 77
62 73
368 73
1305 71
1247 80
1296 74
11 75
1073 78
1094 70
85|7
1519 71
1624 70
1140 71
1694 68
1643 72
1747 71
1635 76
86|14
4993 86
4310 68
6947 77
2411 66
457 83
5418 80
3996 80
4901 74
1835 73
33794 81
1196 86
3555 74
1097 79
2687 74
87|5
4023 68
2009 74
3504 80
671 74
2139 77
88|12
7312 74
74795 74
4993 86
68157 85
5952 85
1193 86
223 81
8665 79
4262 80
56782 84
8677 72
58559 87
89|104
26645 68
32060 68
44851 68
53280 68
53578 68
67888 68
69211 68
81087 68
84246 68
103602 68
108078 68
109596 68
118894 68
121007 68
128089 68
128944 68
131098 68
131439 68
134847 68
140481 68
146684 68
148632 68
150554 68
164226 68
30793 63
169912 67
87869 71
1923 71
4015 58
950 70
173253 68
2324 79
27826 68
92259 78
11 72
3977 58
86298 65
8154 70
77688 68
2997 77
170837 68
49274 62
157775 68
1 76
142196 68
99117 66
62008 68
72624 68
108156 67
3752 66
2059 65
128520 71
3175 69
133879 68
48649 68
126088 68
5529 67
65588 68
99130 68
40962 67
1732 77
68659 67
91666 68
2683 63
3751 70
750 83
6650 70
149508 68
2395 70
51575 66
65230 66
171751 68
85881 71
139157 68
6863 67
4246 72
108949 68
1230 76
160567 69
73319 65
177185 68
130520 66
5220 63
121338 68
153386 68
50872 74
149566 68
145491 68
4890 65
129354 66
32243 68
84944 70
6402 68
1288 79
140133 68
119141 69
947 72
176621 68
4973 81
158398 68
69469 68
54503 75
141928 68
102481 69
90|11
1137 77
1144 77
581 80
81 75
892 80
1073 84
116 77
896 75
17 81
7 71
613 75
91|20
3013 66
6395 66
8147 66
7153 79
3360 70
2791 74
3897 74
1080 75
4850 65
3429 72
7000 66
2060 67
2916 70
1391 62
2100 61
318 84
2146 66
1225 78
1246 74
8501 66
92|5
2572 79
2114 80
1015 73
2454 76
1801 78
93|20
736 80
1917 76
552 79
1721 83
539 84
480 88
1372 83
368 85
2355 85
1923 87
2193 86
2006 79
339 84
1097 89
1591 76
260 97
2968 89
1676 82
593 97
558 81
94|12
231 55
377 63
367 57
364 72
288 59
19 50
10 63
586 55
590 67
380 62
589 71
318 80
95|20
18 80
4878 88
6979 78
4732 71
3019 82
5246 75
32 88
2952 80
1247 87
1198 92
5283 74
3361 82
1513 72
2009 78
539 79
122 71
1584 81
1240 85
4262 85
5349 81
96|16
527 85
1094 71
272 76
3819 74
150 78
2021 74
2571 85
1214 81
2058 71
1220 78
733 75
2340 69
1721 72
2396 78
367 68
1291 83
97|8
4701 77
4306 86
3578 88
4993 90
4963 85
4299 76
3981 69
4161 77
98|19
81845 83
8961 82
122912 78
5299 71
63992 62
187541 73
56152 77
134853 81
69644 69
6863 74
5618 86
56801 71
3499 81
134130 81
74789 68
82461 73
1258 86
88810 81
79132 85
99|11
318 97
161 82
420 68
592 79
196 68
122 72
145 75
150 85
316 76
236 77
588 84
100|20
497 82
296 89
1393 78
95 68
592 75
605 72
6059 76
28 81
2245 73
62 78
4308 78
1777 76
838 80
2125 80
1288 87
234 68
1197 90
2005 80
4014 77
4623 78
101|13
2580 78
3285 65
2723 70
2700 77
2908 75
2390 73
3175 72
2395 72
358 66
2702 67
3394 67
2997 80
2502 81
102|12
158 57
588 72
150 73
592 67
253 69
480 72
344 60
539 68
553 72
593 80
586 60
223 74
103|20
86014 75
1954 82
60040 72
1968 82
77206 75
2161 77
1732 85
81834 81
608 87
2384 68
4254 65
104 74
139642 72
56782 85
2096 76
101 80
6534 65
374 60
60069 84
30793 70
104|20
4740 69
743 57
5218 72
8643 68
1288 79
47997 71
468 67
76251 71
8533 72
4018 64
38038 73
1566 69
7361 82
6060 68
3034 71
1641 74
4641 71
108190 63
616 72
7034 70
105|20
4788 79
69685 79
95311 79
95313 79
110586 79
141816 79
141818 79
170597 79
172587 79
172793 79
173351 79
173535 79
6433 77
4974 73
70286 85
108981 79
95175 79
69122 82
1243 86
3916 83
106|7
69844 87
72998 82
59501 80
86880 78
5349 83
53125 80
59784 80
107|7
231 70
253 79
590 83
165 79
434 70
208 67
318 95
108|16
800 81
6022 75
4995 86
2585 77
5316 74
4975 76
3978 72
5349 79
2926 78
4246 80
4878 86
4994 77
1968 83
1684 74
497 83
5380 79
109|20
380 64
1033 66
231 57
364 74
589 73
480 69
62 67
31 61
587 64
1032 65
586 57
778 75
540 57
256 56
163 67
252 63
223 72
553 69
537 63
168 58
110|11
26171 68
2468 62
1198 84
1089 83
1222 81
1208 83
4881 74
47 79
527 83
1193 82
2428 61
111|20
100194 67
162602 67
171251 67
2145 65
96588 71
65088 67
66203 63
84772 66
2081 70
91529 75
6365 64
45666 60
3255 69
1282 73
6539 73
86833 70
122882 72
59143 67
86911 65
5283 62
112|13
788 58
161 73
1917 62
16 77
21 70
208 60
434 62
39 67
3717 65
19 57
110 79
32 79
70286 75
113|20
4083 69
39 67
3168 72
932 74
2331 68
3359 74
1086 77
3504 76
1339 72
904 83
3546 69
4063 66
4062 68
1077 74
1589 71
2475 69
3831 71
46 65
1733 72
4007 73
114|7
141718 63
54001 70
2291 69
167732 63
122886 68
8961 70
3147 74
115|20
1580 74
2804 81
1387 84
2792 72
3146 65
3273 62
3052 77
2841 74
2719 63
595 78
2700 80
383 70
2027 65
2148 72
2770 65
3785 67
2916 77
3175 75
588 79
1377 68
116|18
2716 72
858 82
1299 72
62383 66
1339 68
1276 78
597 67
1029 66
1101 65
2797 71
2657 65
1961 73
1407 63
5995 74
1704 77
165 68
2115 70
8360 69
117|20
708 66
587 67
589 76
151 69
36 72
1036 75
595 72
288 65
596 68
48 63
315 61
454 69
353 72
474 70
10 68
60 64
805 70
491 65
616 70
485 61
118|5
1221 82
1625 71
153 58
1961 75
1810 69
119|20
95441 78
117176 83
1092 77
91529 88
74458 87
4387 83
79132 91
168252 89
44022 78
78499 90
122904 86
106782 89
442 74
4993 92
31685 77
6365 79
141004 79
4148 74
88744 84
8644 80
120|5
260 82
32 78
5 61
631 65
52 69
121|12
497 72
440 67
161 69
527 78
292 64
344 58
186 56
316 63
1 74
19 54
163 68
337 69
122|20
27660 88
69784 87
7022 93
148652 86
4816 87
56174 87
94959 91
81591 89
71535 92
30810 89
2997 96
1732 96
108932 92
780 86
1090 95
3253 88
106782 95
72226 93
1200 96
1214 95
123|12
68554 71
115569 78
79132 83
109487 81
1196 86
4226 85
296 86
7153 85
143458 73
47 82
96829 77
2858 83
124|10
56145 76
2161 77
260 88
175 81
1358 79
6377 84
4226 87
3147 86
608 87
1223 84
125|20
5088 74
86721 74
110330 74
54503 81
72011 77
162578 78
119145 81
176371 79
55247 81
1240 81
86332 76
68157 85
112623 76
4082 72
160567 76
3342 74
109487 83
88140 76
98607 74
81562 76
126|8
364 76
349 68
231 59
380 66
410 61
300 67
253 68
457 75
127|5
2915 62
903 70
55276 64
5060 67
272 65
128|7
904 89
965 79
926 82
1066 78
1721 75
1080 83
1198 90
129|20
4370 74
480 80
3698 74
2692 84
2138 80
1968 81
8368 84
653 69
7143 81
316 72
6874 85
239 71
2916 79
733 78
4896 81
2028 87
3977 64
3000 84
1907 79
31658 83
130|6
208 60
316 67
292 68
110 79
590 75
296 83
131|14
2273 60
6947 66
58559 76
908 74
4878 73
89745 71
7256 66
68237 70
2722 56
2028 75
48516 76
3178 65
64614 70
969 70
132|20
6251 58
3275 69
4995 68
2987 60
7444 56
3262 58
4168 57
31658 66
44191 66
1089 71
3967 64
5502 56
50 72
58559 70
5992 63
2108 59
1844 59
2657 57
47 67
2470 54
133|7
454 61
356 72
589 68
150 65
153 49
380 59
527 72
134|7
442 65
595 76
349 73
380 71
367 67
509 72
296 85
135|20
592 71
4084 65
893 70
3994 72
2004 71
608 83
1358 75
3852 71
3489 72
1614 63
1198 85
4128 74
1883 67
2302 67
1291 81
410 65
1261 81
4022 75
4881 74
1077 75
136|20
161 73
193 56
585 61
338 64
277 65
380 69
181 58
337 73
437 64
165 71
611 67
151 71
340 69
252 69
432 58
552 65
350 69
280 73
273 63
150 76
137|20
6787 80
2716 79
1198 87
750 89
919 80
1270 83
318 91
150 79
2997 83
1200 82
6986 73
7153 86
1242 82
110 82
33493 73
1197 87
2959 89
1237 82
903 83
7762 75
138|5
2707 68
1960 73
1959 72
849 63
3996 76
139|20
4025 36
7445 44
60684 49
4865 46
68319 38
7090 51
5502 41
260 57
8371 41
53953 40
58025 39
106782 51
6957 45
7163 38
3827 38
3624 39
52722 37
54259 46
4367 36
115617 48
140|20
5699 68
5299 64
1393 71
356 81
609 67
32596 66
4795 67
34072 70
1617 79
5256 67
5943 60
1084 76
4337 68
3108 74
43396 70
4719 65
1005 61
4321 68
5812 70
4259 69
141|20
5418 72
54503 74
4963 73
2478 64
71535 73
317 63
68954 76
54286 70
6365 65
54272 70
4447 64
5502 65
6377 76
6373 65
1265 75
91529 75
2502 77
441 74
1517 69
48516 80
142|8
434 65
384 72
588 77
50 86
527 85
356 84
337 76
377 73
143|15
1721 65
61250 60
6942 71
7169 67
8533 69
106696 68
3421 72
87232 71
78316 66
69069 67
59421 62
2144 69
96821 71
7173 63
500 65
144|20
589 79
541 82
8368 80
597 71
590 76
410 65
1246 79
527 83
356 83
500 69
19 59
2700 76
434 63
733 73
780 69
1036 78
5377 76
552 66
586 63
2081 73
145|5
344 61
339 68
380 68
318 86
588 74
146|7
7293 67
3257 59
32 74
1367 59
3686 61
410 59
47610 68
147|5
1234 79
168 64
552 66
555 76
2395 72
148|10
88125 74
5618 81
108932 75
81847 73
72998 71
5816 73
8368 78
7153 81
81834 77
4993 81
149|12
1097 62
1374 62
1831 44
1527 61
260 69
173 45
1206 68
1200 66
2021 58
1580 57
1391 52
1375 55
150|6
3 69
1356 77
5 64
95 63
733 73
1073 78
151|12
786 69
562 78
780 74
837 74
747 73
1265 82
828 73
1073 81
1 82
648 74
1393 76
1359 67
152|13
50 86
2959 87
116897 75
89492 76
1193 84
69481 79
85774 72
115713 77
111 83
92259 81
1234 80
79132 82
318 90
153|20
134853 48
1732 52
8533 45
4014 43
81456 41
106782 50
8528 46
6863 41
87194 41
2617 37
1246 51
106100 46
1954 49
7458 43
4226 54
89904 46
72998 43
133780 42
586 35
36535 45
154|7
114662 81
119145 86
81834 87
122904 85
106072 79
76093 87
77561 80
155|10
153 63
3286 67
1200 81
260 85
141 73
2355 74
2384 66
2948 77
432 60
2959 88
156|20
26313 70
31038 70
1230 78
1711 66
3341 73
6296 73
762 56
2361 66
2076 76
4784 69
661 69
2926 71
8571 70
47 79
3176 71
58 77
848 68
866 77
1485 64
923 79
157|5
785 67
3617 64
2720 53
2770 60
527 81
158|6
1093 70
2605 66
2872 73
2723 70
2428 63
66320 71
159|20
2959 78
60069 73
45720 65
597 64
4022 67
89864 66
49286 63
140110 63
84954 60
4447 61
1197 77
68954 73
6942 68
1961 70
106696 66
480 68
539 64
166643 65
40819 69
63082 71
160|20
126 49
1371 51
1198 70
196 44
3408 56
5349 57
3213 60
2408 50
839 49
3593 37
2748 47
533 50
1975 51
1676 53
3745 55
2011 57
733 57
3826 41
778 66
2840 46
161|8
4980 69
7247 74
47610 75
1223 82
38038 76
3429 77
2144 75
2336 74
162|8
150 87
225 81
168 74
50 94
300 82
266 79
31 77
62 83
163|5
1608 63
1810 65
1747 64
1777 65
1837 62
164|8
1036 85
2916 81
110 87
589 86
3527 81
1101 76
1201 89
2167 75
165|13
2353 67
3624 64
110 78
5505 68
5527 69
3256 69
5956 71
5418 74
5530 64
5450 68
1127 72
3409 62
5881 66
166|20
33794 83
1721 75
4011 87
5378 71
3481 80
49530 80
2353 75
47644 73
54272 79
8961 83
1198 90
2542 86
1036 83
608 88
434 69
5219 71
5418 82
2396 81
349 78
2324 87
167|20
33493 66
4886 73
778 76
3052 69
7147 71
6857 69
45501 62
6480 65
1682 71
2231 71
784 56
33794 73
2083 69
2413 67
6333 70
8961 72
2139 68
150 71
6773 69
35836 66
168|19
3730 88
1248 91
1201 93
1089 94
296 95
923 90
1222 93
5291 84
3543 85
1302 83
3362 88
1148 91
3101 77
57669 92
2076 87
1729 84
908 92
85354 79
80463 89
169|20
3536 84
2028 95
364 94
953 92
4886 91
5400 80
8644 83
524 84
2795 86
1022 86
3114 91
3967 90
1517 86
1035 93
8641 88
6365 82
661 82
457 93
3287 81
1416 83
170|10
318 85
296 81
586 60
377 68
34 70
592 67
277 62
500 66
266 65
588 72
171|17
485 79
1220 91
1025 88
801 81
1259 94
1079 94
828 84
317 80
869 85
380 84
1136 97
1225 97
661 83
318 100
47 94
1198 99
1208 98
172|6
3087 67
3578 80
7438 79
2072 67
3793 75
2762 78
173|5
10 69
329 67
586 62
597 69
588 74
174|14
553 77
520 68
224 74
648 73
161 76
317 68
158 63
780 72
315 66
485 67
282 70
440 74
350 72
10 74
175|5
531 69
8911 71
43904 64
38388 71
8362 69
176|8
165 78
434 69
39 74
368 78
380 76
780 75
47 85
471 78
177|20
42002 66
91542 70
6332 66
3668 69
45672 62
783 65
27706 65
2657 65
114662 68
1206 77
83132 68
5218 70
508 70
3114 74
1321 66
2176 69
8798 71
88140 69
2012 68
339 66
178|16
7361 88
527 88
2329 88
5995 83
6502 82
4235 81
1198 89
208 65
6539 82
296 89
349 76
10 76
4226 87
1240 82
2579 76
318 93
179|14
367 70
589 83
161 78
231 67
288 72
743 63
1061 78
317 70
786 69
592 74
671 74
296 88
434 67
364 84
180|5
1261 78
260 81
1748 76
1242 77
2140 71
181|20
157 59
593 74
596 63
353 67
539 63
516 61
132 61
169 53
25 63
31 58
542 56
6 70
707 56
185 55
464 58
502 52
415 55
480 67
592 61
344 55
182|20
4879 69
6969 69
3911 72
2728 71
4313 69
8042 73
1291 79
3113 63
3578 77
1590 64
161 72
4452 66
224 71
4980 66
4262 75
2353 67
2890 72
1127 73
541 82
6041 69
183|12
480 76
380 71
1196 84
2951 78
2534 67
4085 71
1287 77
2194 79
3247 64
1233 81
2662 70
1408 77
184|20
158035 71
181413 71
193565 71
97304 78
74754 71
168250 74
191005 71
106072 71
166291 72
127152 73
86332 74
80463 79
5816 76
122898 69
81845 81
5810 70
170813 71
174479 71
112852 81
148626 78
185|10
1685 66
2396 72
5377 72
1721 66
5952 77
1393 69
595 71
2085 67
4995 76
899 77
186|20
2605 75
1214 88
1291 90
3745 80
1269 86
2527 80
2532 75
4361 82
1307 86
2968 85
4306 87
2541 80
1702 75
480 84
1097 85
3977 69
919 87
3527 83
593 93
1196 92
187|20
26122 71
3949 79
49272 80
231 64
1206 83
6874 81
1729 74
1209 78
48394 77
6502 78
2701 54
4027 78
288 69
2542 80
7153 83
39427 68
6890 74
1222 82
8949 75
1748 79
188|10
2346 80
1212 89
594 85
1282 88
3469 82
2396 87
1091 72
3341 85
1264 83
2206 84
189|5
48516 83
4993 82
79132 81
2959 86
58559 83
190|14
6711 82
4776 77
8784 77
4995 81
5630 71
4306 80
30749 77
1221 85
4975 72
8961 79
858 87
8464 75
69844 79
7438 80
191|17
496 72
21 73
72 71
175 78
494 73
417 75
17 76
6 81
85 74
292 71
314 75
58 79
235 74
213 71
161 75
160 63
162 79
192|5
356 87
288 73
316 72
349 77
432 63
193|7
44555 75
55442 70
4878 76
6016 77
307 71
1270 76
5618 78
194|5
163 72
1396 71
1500 73
1288 80
5060 75
195|20
3424 75
2770 60
1041 76
1653 77
1923 71
3160 73
4723 65
1863 64
2336 71
2166 65
4308 70
1909 68
260 81
2028 80
3252 71
2908 72
1392 68
1365 68
70 69
190 67
196|7
70286 77
3578 80
59315 76
58559 84
364 81
1214 79
110 81
197|7
1513 67
1240 80
1882 56
786 68
2167 72
153 63
1784 77
198|20
3894 66
3499 73
920 70
1213 79
3949 75
1994 68
1485 61
2572 69
4019 71
1089 79
110 77
593 80
4128 70
1270 77
4886 74
1079 76
2117 69
912 80
1573 65
1682 72
199|20
5464 67
2165 65
2280 63
736 60
5673 68
349 66
5502 62
482 67
8532 64
1172 73
300 65
50068 67
4881 68
3175 66
7445 65
2973 69
34338 65
41997 67
1956 68
377 65
200|20
3809 74
7022 81
50802 74
3968 70
2485 67
500 73
5610 72
590 80
1029 74
53996 75
2572 78
4993 87
4041 76
57640 79
1302 77
1784 79
6383 64
1653 84
1569 75
1517 77
201|20
1748 87
1527 84
1584 82
2858 90
339 79
589 89
2717 73
994 85
788 68
1196 93
2797 85
733 82
1259 89
2174 82
1198 94
2455 80
1569 79
1213 93
160 71
24 77
202|20
3329 73
924 82
29 80
2289 79
1197 87
1196 86
2966 77
161 76
608 86
1209 80
1296 76
3194 73
1784 77
469 74
923 82
2000 77
1587 72
1719 82
3147 84
32 82
203|9
56174 73
8665 78
2407 70
5952 84
590 78
49272 82
40815 78
333 77
296 86
204|17
1136 86
3949 82
33794 81
48394 79
27075 73
1080 81
79008 78
6104 80
8874 84
81591 76
4878 84
91658 74
711 71
2313 77
86320 73
55820 81
5218 77
205|6
912 84
99114 78
91542 74
5816 75
95167 71
96079 76
206|5
36 82
608 89
733 78
140 74
141 77
207|5
2991 64
2428 52
2707 59
3740 68
100 56
208|6
1210 78
2628 60
380 66
2353 65
2278 68
2762 74
209|7
60684 80
1291 86
68157 85
74458 81
185029 76
122886 80
88125 80
210|20
123553 80
34405 88
166203 80
3147 91
31696 78
7649 77
58559 93
2105 79
6365 78
34397 80
4625 77
84772 79
122926 87
76093 87
62836 80
33493 81
1584 83
47610 83
108932 85
122918 85
211|18
58559 86
63113 72
90405 70
57669 83
60684 78
7153 85
73017 78
2105 71
4367 65
356 85
2642 61
1556 55
318 90
44665 78
85414 73
1198 87
1136 85
260 85
212|20
170697 67
122920 71
122892 68
2571 79
5218 71
48394 73
3578 76
1196 79
135143 68
74795 67
179401 67
79132 78
77800 70
108932 73
110102 72
96821 72
8874 77
65261 72
59784 67
2291 72
213|17
3285 69
87520 66
80363 72
76251 78
8957 71
2860 71
1234 84
5419 72
51935 80
69844 81
39446 70
4132 71
858 91
69526 65
4558 68
49530 79
58559 88
214|5
83 62
628 64
743 50
1363 60
802 61
215|20
1172 80
4973 85
63082 79
1291 82
2028 83
3252 74
3210 73
1968 78
1247 80
49272 81
1089 84
72407 65
5650 73
318 89
1208 84
2000 76
1197 85
1196 84
1297 74
4019 76
216|20
104 69
21 71
3996 76
3946 66
2946 69
3993 69
3897 77
2599 73
34 73
3994 71
4034 79
3363 76
1965 71
3422 69
3555 70
3253 71
2087 73
3986 63
2018 70
1923 73
217|20
1867 56
3434 56
1275 63
2468 49
3197 54
1912 61
2302 54
1876 50
380 57
1221 70
2471 46
1918 51
1385 50
3165 57
1590 52
1562 41
1703 55
2056 56
1831 45
160 49
218|6
2657 64
2692 75
1380 63
1198 80
6934 61
5349 68
219|20
60072 58
2115 67
59315 69
6539 70
442 56
30707 71
1704 73
180 63
1219 72
1005 55
27773 70
56156 60
6188 64
6721 64
30825 59
2997 72
1552 56
1500 66
2890 66
1921 71
220|20
3996 82
733 78
1198 91
3994 77
6539 83
1258 87
1917 68
4545 74
33794 84
165 78
71264 78
4623 78
53464 66
5218 79
6365 75
3751 78
32 85
1036 84
5502 74
1591 68
221|20
4338 77
7013 80
8529 75
1080 85
3246 83
2871 84
1208 91
7063 82
2702 74
4029 81
5954 82
2352 80
922 87
2997 87
1278 87
2858 88
1212 85
1959 79
1961 84
3671 84
222|20
81831 61
100498 56
48516 74
1249 71
99813 65
91529 70
59900 56
93287 63
1721 61
2706 62
3273 50
2411 54
64622 63
7143 68
87869 64
778 72
30825 58
42011 54
673 53
64839 67
223|15
55854 61
6711 72
1 69
736 57
1961 68
457 70
2716 67
48394 66
608 73
8784 66
48516 74
3863 56
4306 69
260 74
2683 56
224|11
3496 76
3044 78
356 89
2915 77
289 74
3668 78
1270 86
2797 80
1721 75
2716 82
1259 85
225|15
2423 73
1285 76
588 76
1717 65
2791 78
1321 71
1136 84
1197 85
1753 73
2004 72
2371 69
1407 68
785 70
1060 75
3024 70
226|20
6938 68
32666 68
3552 75
542 62
1240 76
3098 72
2804 76
3668 71
3653 69
2231 75
145 65
2253 60
3052 72
2628 62
762 55
53129 73
4816 70
16 77
2144 73
46948 67
227|19
46976 81
52319 77
81845 85
109487 85
134130 83
215 83
48738 82
47099 82
1196 89
32587 83
912 89
55721 81
1682 83
750 91
778 87
40629 78
97913 81
70286 82
150 83
228|5
2571 85
1373 65
362 74
318 90
3113 67
229|13
34 76
589 82
377 74
45 73
587 74
5 66
475 83
442 67
597 74
364 83
213 72
110 83
527 86
230|20
34330 58
52715 58
47 68
7438 66
527 70
3147 69
45499 57
6537 55
2291 63
1387 68
6863 58
1485 53
595 62
4022 62
2096 58
588 63
4034 67
1676 56
8644 58
2641 53
231|5
92259 80
858 85
593 83
1198 84
109487 78
232|20
31867 65
41769 65
57526 65
70336 60
8644 66
1586 59
44972 55
4019 70
43928 53
30883 63
65802 62
8376 65
39292 70
1035 74
66198 65
66097 69
32011 60
6564 56
7451 71
33164 57
233|20
48394 66
3751 63
48516 74
1721 60
356 74
106100 65
162600 61
608 73
7153 73
134214 61
57669 71
122920 64
2329 74
4239 66
7371 68
3977 50
3147 72
3948 61
49272 70
5418 67
234|20
2616 66
2140 74
172 61
126 65
1562 55
4519 70
153 61
2710 61
3624 67
3483 68
1391 66
438 69
1460 71
2987 74
65 60
260 85
1359 64
3175 73
588 77
2080 72
235|13
480 75
736 66
500 69
454 72
592 70
235 72
595 75
32 80
527 83
648 70
223 77
588 76
377 71
236|30
1214 79
1278 80
1345 70
1350 75
1387 80
1388 66
1982 73
1997 76
1998 65
2447 68
2459 69
2490 71
2496 68
2502 81
2505 65
2542 80
2572 73
2580 77
2596 71
2598 64
2606 64
2657 69
2683 66
2694 67
2718 70
2770 62
2806 63
2858 81
3024 69
3052 74
237|10
32 73
4254 54
94959 68
293 73
1371 60
1193 76
7361 77
7980 66
43936 61
1374 69
238|9
4954 74
3528 72
4265 70
4901 72
4238 71
593 85
4499 78
4957 71
1193 84
239|20
58559 89
5459 69
4085 77
380 76
95 68
7445 78
608 89
7147 83
6378 80
2115 81
4896 82
36529 79
3994 78
33679 75
47 86
590 82
4022 81
208 67
733 79
51662 81
240|20
368 81
543 78
480 84
367 76
810 67
500 78
546 67
110 89
173 68
1 88
542 74
104 79
34 82
174 75
204 70
225 80
383 76
262 85
434 73
420 69
241|16
81786 72
71899 79
527 85
1206 83
1193 84
99114 79
100714 70
8981 75
53123 77
116897 76
56367 78
3910 77
106782 80
115569 77
4235 79
48780 81
242|7
39 69
380 71
231 64
457 80
592 71
454 73
111 82
243|8
112 79
353 87
62 84
588 87
193 68
586 75
181 70
376 78
244|19
3090 74
1049 72
110 81
257 72
165 73
151 73
1090 80
3755 68
2278 73
648 72
1580 72
1957 75
1610 79
1196 85
3256 73
1573 71
1242 81
3753 71
2243 72
245|5
3196 60
2739 61
3114 64
3274 57
1361 60
246|20
1304 89
616 84
1680 84
6016 92
3081 82
44191 89
60684 87
4973 95
1732 91
1298 84
53125 81
2291 86
2692 90
293 91
4011 92
5013 85
60069 91
48082 85
82202 77
95167 82
247|20
48516 80
593 80
2858 78
49272 76
1961 74
44191 75
527 80
116797 75
68358 74
122886 73
480 72
223 74
1265 76
2078 73
1198 82
1682 73
6377 77
1089 80
953 76
919 74
248|11
4886 78
1198 85
166528 76
176371 75
316 68
147374 71
102903 70
189333 71
122912 74
58559 84
5218 74
249|20
110350 73
102903 73
2167 72
94959 79
84601 73
2395 75
97306 74
3408 75
89047 73
91500 74
91542 77
40815 80
69844 80
904 87
46723 75
3826 60
68791 73
88812 71
67695 73
50 88
250|6
1282 84
2407 76
318 95
1597 73
1246 86
8880 78
251|5
142115 81
293 90
356 93
318 98
1089 93
252|8
164179 83
89745 85
6377 87
164909 79
1682 83
166643 79
143355 76
78499 87
253|10
44555 89
916 89
608 93
2300 88
7099 87
4217 81
26366 80
1192 83
4642 87
3363 86
254|20
46578 83
44195 83
207 74
49278 73
6333 78
780 72
110 83
1210 85
49272 83
27846 77
32587 80
2571 86
44929 74
47 83
293 83
1580 74
5995 82
32 83
592 73
48394 79
255|9
1270 65
4467 59
2023 55
3501 53
1663 59
1394 63
3392 53
2542 64
2915 56
256|20
3247 71
88744 81
377 79
4973 91
53972 77
118696 76
95441 76
104841 80
71535 84
2953 70
81229 79
53121 72
30707 86
2571 90
68791 78
170 77
6942 83
90405 76
6537 74
33493 79
257|5
1500 71
594 71
2502 79
494 69
2406 69
258|5
4995 84
7147 80
72641 77
76093 81
47099 80
259|6
508 66
5945 60
1784 66
4886 69
1356 69
1584 65
260|20
7361 83
3556 75
162 77
903 79
5690 77
6337 71
4878 80
5617 76
342 68
5219 66
2997 79
8011 72
1206 82
3317 76
6709 69
8874 80
2348 73
3822 71
2959 86
8645 73
261|11
3897 79
16 79
2060 72
296 84
2723 70
1682 77
4085 71
2194 78
7361 84
4238 70
58559 84
262|12
708 62
539 63
457 72
322 64
339 63
85 65
26 65
17 66
213 61
273 56
593 75
728 63
263|20
223 79
150 78
500 70
2987 74
2953 63
110 81
4226 84
8370 76
1197 85
7458 72
708 70
1111 73
2125 75
6942 76
5013 75
163 74
457 80
8636 77
1967 78
2085 72
264|12
7841 72
1376 71
151 71
5816 74
1907 74
1320 66
1917 62
150 76
3578 79
1090 77
253 72
1876 63
265|20
3807 65
316 62
253 67
1302 67
724 61
1240 72
3504 71
230 65
3831 66
1956 68
3098 68
529 70
1270 76
3791 63
1177 68
2322 63
1488 63
2474 66
1198 79
1962 67
266|20
476 67
2812 67
2700 74
2278 69
24 64
2770 59
2702 64
64 64
1405 61
2580 74
1527 73
2167 65
457 76
1580 68
2300 75
1923 71
2094 65
132 66
2571 80
2097 65
267|12
2858 88
593 91
1175 85
3006 82
1302 80
3999 70
3113 73
1093 77
589 87
2571 90
923 87
3996 85
268|20
1641 69
587 64
1125 66
1911 55
2802 61
1036 71
1370 64
50 77
2064 69
1784 67
1912 68
1966 63
454 65
1234 72
2247 60
1394 72
2829 63
802 63
260 76
2858 74
269|6
724 68
743 60
95 64
1 80
63 67
648 72
270|8
661 62
62 66
79 57
628 66
14 65
1356 71
141 65
25 66
271|9
3897 71
32 72
2791 70
969 70
6787 69
2858 73
55765 69
1320 59
2288 70
272|7
177765 68
1240 75
51662 72
122922 72
49272 77
158238 71
6365 66
273|11
440 79
593 90
500 76
608 90
223 84
111 88
150 83
21 78
466 69
235 79
520 73
274|20
50147 65
2947 71
3037 74
1645 65
4951 65
2036 61
1359 58
35957 65
553 70
76293 63
3918 64
1503 63
45431 66
4816 66
54999 65
5667 65
4876 57
56805 65
1921 73
54004 66
275|20
1784 82
2289 84
5884 77
1171 78
357 79
1912 83
2539 73
235 79
4886 84
2572 81
2355 79
3253 79
1192 81
926 84
111 89
2100 73
3089 84
1393 80
1719 87
1392 78
276|9
673 75
356 96
466 75
104 83
631 80
648 84
2 84
1367 78
344 77
277|6
637 67
736 69
656 71
1 82
780 73
260 87
278|5
2371 72
1347 71
4002 78
318 92
2369 67
279|20
134130 74
1101 66
166528 73
90405 65
61132 69
79132 78
56782 78
97913 71
1608 66
4226 80
59315 73
88129 71
54286 71
1258 79
8665 72
58559 80
4993 80
8376 67
107406 68
1200 77
280|20
92535 82
344 69
262 81
3146 68
4239 81
4447 74
8638 78
919 83
72641 79
86817 75
8368 85
49530 80
6863 76
35836 77
55052 78
54503 83
4246 80
48516 89
1911 68
3916 80
281|5
46578 74
8361 58
35836 66
3897 72
3861 60
282|20
5995 85
3977 65
3263 73
25 78
6708 80
2683 72
4718 70
6711 87
5481 68
6863 76
5669 82
3752 74
588 82
80463 84
1921 84
1193 88
4369 71
48322 80
1194 80
784 67
283|7
1580 65
39 63
1704 75
356 77
586 57
2082 56
805 67
284|18
474 79
173 64
2 76
296 90
15 72
348 79
248 73
318 94
47 86
353 82
275 69
44 64
339 76
367 72
276 73
165 78
637 70
235 78
285|8
1193 83
949 73
1247 80
6978 70
113207 71
4447 69
441 78
296 85
286|20
454 72
778 81
5989 78
1333 74
165 72
500 69
7438 79
2294 68
4993 83
4995 80
7361 84
70 72
4980 68
1258 82
4963 77
1097 76
4848 78
539 71
377 71
110 80
287|20
3160 57
3578 61
223 59
2633 53
1059 56
586 45
3005 47
532 48
1193 64
2599 56
2028 64
1485 46
3826 38
2081 55
8949 57
2012 52
101 57
4034 61
2422 39
2115 56
288|20
4473 62
4966 62
1008 62
2867 65
42015 62
141 63
2571 75
13 62
53519 59
2407 60
5418 69
3916 66
2347 59
2528 58
30810 65
575 55
32587 69
587 62
2517 58
8361 56
289|24
3 68
16 78
235 72
266 69
594 74
708 69
750 85
1080 78
1101 69
1208 83
1220 76
1258 82
1917 63
2012 70
2174 72
2710 60
2797 75
4322 72
6125 70
6327 70
6453 70
7025 69
7028 72
26704 71
290|20
1228 88
1299 84
2494 78
2739 82
608 90
2130 79
908 88
341 77
1447 78
342 75
1056 76
1719 87
953 87
928 84
1394 86
2648 78
475 88
2731 82
1357 84
2385 75
291|7
40815 87
122892 81
106489 78
134853 86
7153 92
88125 85
1 88
292|20
520 60
103339 63
122900 67
4896 72
2291 70
474 69
85056 64
46972 63
95167 66
164909 67
3176 66
3476 67
1608 64
31221 55
1101 64
3985 65
3984 67
1017 66
69844 72
231 58
293|5
1682 66
1673 68
344 53
1617 70
1097 65
294|20
416 48
3869 56
1064 52
2794 48
610 55
2133 54
1391 49
3868 56
1129 55
520 49
3387 51
355 39
2378 50
3693 49
785 53
2193 56
2367 50
2458 50
348 56
3501 52
295|9
1221 83
3198 73
1287 75
1213 83
4351 68
1198 83
858 85
318 87
2329 82
296|6
160848 71
2028 84
169034 71
4144 77
50 86
2324 83
297|15
832 52
543 51
1645 53
111 64
454 55
1089 66
6 61
1249 62
1047 50
1370 53
1488 51
150 59
170 52
1092 50
866 60
298|20
57640 51
95510 46
6811 45
8370 51
8807 50
63131 47
6881 47
3785 40
122900 49
103042 44
6294 40
2167 45
2005 51
6006 44
653 41
55995 42
3018 48
69757 51
103772 46
3825 38
299|5
3793 77
1387 83
188 74
1198 87
1214 81
300|32
318 88
356 83
527 83
593 83
1172 79
1704 81
2028 82
2324 81
2329 83
2571 82
2762 78
2858 81
2959 85
4848 78
4973 84
5995 78
6016 81
6711 81
7361 83
8950 76
48394 76
56174 70
63082 78
79132 81
81591 72
92259 80
99114 78
109487 78
112183 70
112290 75
112552 79
112556 75
301|20
21 66
357 66
2490 65
6711 76
589 73
8949 69
837 64
3948 65
364 74
527 78
5989 73
4963 71
608 77
292 63
3578 74
3897 72
4226 77
3753 64
1393 67
1792 61
302|7
480 79
14 75
3 72
25 76
648 74
707 68
110 84
303|11
5378 67
3703 80
1127 75
5544 73
1196 85
3471 77
1580 73
1394 80
2683 67
920 75
1358 76
304|20
314 78
2571 87
2433 72
10 76
1376 77
480 80
1373 68
1777 76
1270 86
1517 77
151 77
356 88
208 65
474 79
1214 84
1375 74
640 70
1722 70
185 68
2701 58
305|20
74624 75
140627 75
87869 78
919 83
1197 89
106100 80
138210 76
788 64
7482 79
80590 74
103075 74
903 85
6537 72
93840 80
54736 77
592 75
2288 83
58803 77
55276 78
1272 84
306|20
5784 58
68954 74
69644 59
6377 74
95543 64
81847 69
111743 62
85367 65
168418 66
167018 64
72998 66
122904 70
69406 64
85788 62
4963 72
115664 65
134368 66
112852 74
161634 64
133419 65
307|20
2190 53
4181 53
31424 53
49314 53
5010 59
7845 53
3392 52
1220 60
6793 43
6483 47
2332 51
56003 52
1991 49
3273 42
4876 45
3421 60
1409 45
413 46
4447 50
52867 53
308|20
2959 59
45517 44
96821 50
72998 47
318 63
2 45
904 59
589 53
8961 53
56152 48
56367 51
5618 57
36 51
410 40
79132 56
4993 57
8464 48
1221 58
2248 51
6 53
309|20
2202 76
1645 71
898 83
1682 77
296 85
1089 84
1269 77
7153 84
6947 74
8340 72
1104 82
7218 71
25886 72
1219 81
8154 73
971 75
1944 74
6365 69
1262 81
2762 78
310|13
6863 69
6947 72
1101 68
6503 58
2524 71
2457 70
5899 70
733 72
246 78
3254 68
1223 79
1080 77
2671 70
311|6
6561 50
5992 55
1517 53
6461 52
1407 47
2706 51
312|20
5816 76
1375 70
3499 79
589 81
2454 71
1358 76
4878 82
4103 75
3793 76
2028 83
1371 68
4121 71
2366 74
2747 68
4105 76
5446 72
2699 64
2529 79
1350 77
1356 78
313|20
4980 64
170 66
3917 67
2455 68
5544 68
541 79
2193 68
2000 71
6 76
1968 73
1089 81
1301 69
1240 74
3175 69
4865 70
2005 70
2167 65
1375 65
2087 69
2530 61
314|20
7 55
1042 58
44 49
165 63
457 70
293 70
597 62
329 59
442 54
26 63
830 58
728 61
618 61
107 61
536 60
10 62
1376 62
153 52
208 51
150 67
315|7
1262 73
2729 65
2529 71
2067 71
2553 64
909 69
902 70
316|11
1748 70
253 65
3968 58
158 53
5445 67
3751 65
7438 71
6874 73
48 58
3882 54
2572 66
317|20
133115 68
73321 67
91529 77
74545 70
7445 70
1213 82
48774 76
4262 75
1884 77
5989 77
3578 78
4011 80
68358 75
1208 82
72011 71
3897 76
3499 75
96829 73
116797 76
56782 79
318|20
26713 73
81191 73
90245 73
111817 73
127180 73
145080 73
150696 73
7445 74
1090 80
116799 74
82459 78
48385 71
2294 70
64839 78
88125 77
109487 81
4021 78
33794 80
54286 77
89753 75
319|7
115617 84
6377 88
356 91
136864 67
1221 92
122904 84
110 88
320|5
72998 69
71535 74
31184 68
59315 73
1013 66
321|12
587 73
356 85
160 64
592 72
597 73
780 72
339 72
355 58
410 67
3 70
500 71
457 81
322|20
2882 61
1968 69
2542 73
58559 76
2788 72
2146 63
2617 58
2918 70
778 73
2599 67
4027 70
4993 75
1230 71
51540 67
1 71
1617 74
1923 66
4010 62
11 67
1035 72
323|20
377 62
480 66
356 74
1094 60
161 64
115569 66
1198 75
29 68
551 63
22 60
318 79
112183 61
253 63
111659 56
3257 56
260 74
150 67
329 59
342 59
266 60
324|5
2764 66
3972 68
3864 57
3949 71
3897 70
325|20
2848 69
235 71
2986 62
262 74
1573 68
2596 70
1584 71
1217 77
1676 67
4714 67
3770 65
3261 68
2894 69
2155 69
1279 73
1614 62
3994 70
2268 74
2915 70
5008 74
326|20
8665 80
47610 78
20 68
2858 85
86882 78
5418 81
4973 89
133771 77
48774 82
2324 86
1293 79
2692 84
72605 74
70159 72
54286 79
5446 75
6591 79
4226 87
105844 77
31410 78
327|10
3301 79
150 84
858 93
1923 81
51255 87
48516 90
1304 86
765 74
6888 65
2706 78
328|20
2687 59
112852 68
70286 64
1196 72
457 68
364 69
80463 67
3489 61
318 77
595 64
5349 62
2542 69
1219 69
35836 60
3751 61
79091 62
7153 72
596 61
2398 65
1148 69
329|5
130482 52
136850 52
858 67
1884 60
750 67
330|20
5378 64
316 66
1639 72
2918 76
919 76
3949 77
3535 74
5349 72
380 68
1676 67
2502 80
3703 76
1682 75
2683 64
1206 80
1721 68
2791 76
2081 72
8874 79
592 68
331|20
8874 79
6157 59
88125 74
6539 76
3897 77
4446 69
7361 83
50872 75
4995 79
4306 76
6874 79
5502 67
3911 73
608 82
4447 67
593 82
3751 71
8665 74
4367 62
2959 85
332|20
47 78
1653 77
1258 79
316 65
8983 71
431 73
97757 68
2291 74
1835 68
356 81
5502 66
4308 70
1203 79
1682 74
1249 78
76251 71
2905 71
318 86
2294 65
32 78
333|5
3785 54
3752 57
3616 59
3615 57
3646 47
334|20
55820 70
1196 76
1580 64
1291 74
3996 70
589 72
30810 65
4027 71
1 72
64957 64
1625 67
50601 59
44195 73
27416 64
6867 67
2997 73
293 73
480 68
5378 58
51935 68
335|6
780 69
592 69
356 82
296 83
2699 62
2001 67
336|12
1267 88
1 87
38798 78
33660 84
1784 83
2001 77
2268 85
293 89
1625 82
4886 86
50 93
150 85
337|16
318 100
47 92
16 91
805 85
1393 85
266 81
667 76
168 76
784 73
65 72
110 92
708 82
25 84
1356 89
277 78
786 77
338|8
189111 61
190207 61
190215 61
190219 61
7153 73
593 74
187541 59
185029 62
339|20
72641 80
5445 81
84152 83
96079 82
106072 76
69122 80
5617 83
41285 78
56869 76
48322 80
65216 79
91630 79
86504 78
91529 85
83613 74
4993 88
3470 79
102407 76
2028 89
5952 87
340|28
10 71
110 80
150 76
153 60
161 73
165 72
185 63
208 60
253 72
288 68
292 69
296 84
316 67
318 88
329 68
344 63
349 72
356 83
454 72
457 79
480 75
589 79
590 76
592 70
595 75
648 70
780 69
1356 77
341|11
2335 73
3624 70
130087 73
1370 74
135137 72
117529 72
5459 66
45672 70
1 82
47099 79
4025 67
342|14
2683 58
2598 56
2881 59
2369 55
1268 64
2605 57
2599 66
1198 76
3157 56
3826 49
2428 53
2827 52
3863 57
1959 64
343|12
858 89
3000 82
48394 79
4226 86
4878 83
3993 73
2571 85
1617 84
31658 81
55363 77
55820 81
296 87
344|14
111362 76
380 70
316 68
2628 64
4226 83
2571 83
4014 72
2012 71
4034 80
260 84
2541 70
4973 84
5418 76
2712 71
345|13
1019 77
2539 70
926 81
5902 83
8810 69
344 68
5707 74
2366 77
56949 72
3649 70
6658 74
3489 76
412 76
346|20
3174 71
778 79
608 82
6711 80
6286 71
306 76
7323 71
307 74
3535 75
1212 77
357 70
3949 77
714 72
7937 70
7396 72
5878 75
1120 71
1131 73
3627 71
7115 69
347|9
434 63
590 76
39 69
150 77
454 73
380 70
587 71
317 66
457 80
348|11
318 100
2324 94
4368 74
1213 96
6016 94
2959 98
6893 86
4973 97
1221 96
1960 86
2019 94
349|8
10 73
161 76
589 81
381 74
349 74
231 66
588 78
509 73
350|8
852 63
7 61
637 61
648 67
733 70
12 57
858 83
661 66
351|20
88932 70
87222 70
73344 73
52579 70
2231 76
88744 74
43836 67
79132 81
597 71
58559 83
12 60
8914 74
8950 77
63082 78
6214 73
90376 72
84152 76
480 75
4878 80
1193 83
352|20
72998 75
71745 67
1801 75
34319 72
2600 78
65682 74
1080 81
79695 70
110730 67
38038 78
130490 72
97752 75
1214 82
94864 71
41566 74
56587 73
44191 81
114935 76
59315 79
47610 77
353|18
552 66
25 72
267 65
216 72
367 66
288 68
144 69
186 60
333 75
266 69
112 68
198 70
234 62
145 66
293 80
158 60
163 73
296 84
354|20
1610 78
4306 79
2692 81
3147 82
47 81
903 81
733 74
3977 60
1225 83
35836 73
648 71
44191 79
8665 76
1917 64
7147 78
1923 75
589 80
2959 87
4718 65
1196 84
355|6
316 73
1580 76
3035 80
3175 77
317 71
916 84
356|20
2248 81
52435 82
52975 78
7122 76
44889 76
1641 81
2706 76
4011 87
802 75
7323 78
2502 87
56367 82
1223 86
55118 82
3949 84
3996 83
1246 85
1466 80
223 83
7153 88
357|20
4354 75
8998 75
27329 75
2804 83
595 80
529 81
4663 73
4091 75
1224 80
1242 84
34 78
208 65
58559 88
6296 79
30793 70
1042 71
2100 70
551 78
471 77
2067 82
358|9
26095 65
605 62
5066 66
52328 68
2226 65
42728 65
7361 79
69844 72
36525 61
359|15
405 57
1092 62
1101 64
51412 60
648 65
296 79
1097 70
2396 71
2424 61
593 78
2701 48
2942 58
1682 71
2530 60
4995 75
360|5
1422 67
1620 65
1488 66
1711 64
1414 65
361|20
47099 68
1580 64
377 64
1552 57
49272 72
1263 69
53125 63
589 71
49822 63
8360 66
318 80
2529 70
5218 66
6188 64
2422 50
3082 61
1732 72
1370 64
46972 61
7458 63
362|20
1945 87
592 78
6539 85
51540 83
5989 86
637 72
70 80
7153 91
1252 90
44665 84
407 78
6874 88
2959 93
1196 91
1208 92
8961 85
48516 91
7438 87
356 90
1201 90
363|6
1552 56
1732 71
1517 64
296 75
653 56
318 80
364|5
858 92
9 73
783 75
376 74
1 85
365|20
59315 58
81229 54
128975 51
6874 62
90345 54
158872 53
129354 51
103075 51
135536 49
70286 59
112852 62
76077 53
112818 54
1777 54
6502 60
155820 51
541 65
95720 49
93270 47
135569 54
366|7
116797 79
59315 77
33794 79
91529 80
2028 83
122882 77
7438 80
367|20
926 82
3061 76
1270 87
1287 82
486 74
3536 76
3824 69
2384 69
3072 78
898 87
3618 76
3225 73
2248 81
3157 70
3969 78
3717 72
1259 85
4023 70
1196 89
1258 87
368|20
3753 57
2112 54
1944 60
2986 50
3869 59
1214 66
2947 63
415 50
3035 62
832 57
50 72
2819 60
1801 58
2490 58
1917 49
1391 52
2193 59
225 58
161 60
2881 54
369|20
1256 70
785 65
47 75
2706 66
839 60
377 66
52973 69
743 54
4214 61
5418 71
3863 60
1372 65
27904 69
60069 75
2857 63
1967 72
150 71
2011 67
1580 66
3174 67
370|19
4011 77
4878 75
8961 73
6377 75
2628 58
1748 73
2116 64
589 74
2329 78
7438 74
3977 54
1676 64
593 78
4973 79
4226 78
1240 72
1089 78
8636 71
2716 71
371|9
2571 95
112512 83
1258 94
4090 84
56715 87
3000 91
4226 95
4993 95
1748 91
372|20
335 64
924 73
318 82
1603 57
1479 63
589 73
81 62
387 61
616 67
337 68
1220 70
1201 76
165 66
1243 71
1258 76
377 65
1401 64
450 62
1206 76
1306 62
373|20
216 65
60 61
169 56
350 63
585 55
44 51
371 64
163 67
616 67
198 64
265 67
25 66
6 73
733 67
47 74
2 64
736 60
305 60
357 65
141 65
374|7
296 84
208 61
1219 81
480 75
592 71
1258 82
1339 73
375|7
344 67
1027 70
32 84
2628 68
3256 75
4226 87
500 73
376|20
91535 73
2002 70
1214 84
1101 75
2916 80
33794 84
1198 90
349 78
1371 73
376 73
1240 84
1375 75
4993 88
858 92
457 86
4226 89
5952 87
344 69
2763 80
2797 81
377|20
4942 76
2793 68
1262 86
2791 84
748 74
1345 76
5027 75
5113 76
27692 76
3421 83
6021 76
3364 77
2072 74
8641 81
2163 73
92760 76
2858 87
1503 75
2124 76
2015 77
378|10
33794 78
7153 84
48516 84
3114 79
858 87
68954 81
91529 80
71535 77
90600 71
364 81
379|8
318 87
377 70
19 57
292 68
480 74
367 65
597 70
344 62
380|20
60818 73
172875 73
172881 73
172887 73
355 59
6979 74
5476 69
2735 67
68194 75
63433 73
72356 76
105731 72
1833 69
551 76
6731 75
27831 78
1665 70
393 67
140956 74
2791 81
381|20
2085 70
1088 70
3253 71
185 62
317 66
27808 69
1240 76
19 58
3753 69
4321 69
72011 73
3082 68
333 74
2140 72
1385 63
2273 66
1208 83
457 79
104 69
2716 76
382|20
1204 83
142372 69
135532 68
1201 82
112171 70
1198 85
912 83
81847 74
4638 62
63540 64
1681 65
170289 70
103042 68
72737 72
2496 68
357 71
81537 67
59501 71
101362 65
4890 67
383|7
2436 74
2541 72
2496 70
1584 75
2558 65
1246 81
903 81
384|14
3527 66
1388 58
2683 58
2502 74
4333 60
3098 66
4396 59
457 72
358 58
968 66
2724 53
296 76
3991 59
1204 76
385|20
736 61
1080 73
249 69
1219 75
1036 73
1136 78
282 62
1073 72
1200 74
1228 75
1022 67
1007 61
1201 77
1246 74
344 58
589 74
1023 66
1287 72
594 68
1303 71
386|14
110 66
410 52
112 55
165 59
223 64
648 57
185 50
608 70
485 52
305 53
44 45
585 48
349 59
10 58
387|20
4393 63
5156 63
5780 63
7336 63
26124 63
40966 63
2712 64
5062 64
1247 73
5489 63
4195 64
7132 69
2946 63
1387 73
3000 72
51939 61
4995 73
912 76
7938 63
1783 60
388|6
6158 69
63239 69
33615 68
86298 66
62999 69
8360 72
389|7
17 84
140 79
628 83
762 67
743 69
95 73
32 90
390|17
6344 71
64957 72
4239 76
5220 66
1193 83
2571 83
9010 73
2291 77
5296 66
4226 83
7254 73
6377 81
63062 73
1206 83
2329 84
4014 72
1784 75
391|20
5575 70
500 69
3994 71
1213 84
516 70
199 72
4027 78
150 76
1408 77
4014 71
1527 76
1059 74
2916 74
4973 84
357 72
555 76
5026 76
4936 70
1210 83
3067 71
392|5
3004 62
2858 78
707 62
1198 81
1125 70
393|20
91658 72
102125 73
48394 76
36517 72
8636 77
110102 76
44199 75
5388 69
54259 73
4848 78
5669 76
1291 82
68848 71
86190 71
2571 83
1206 82
122892 72
106642 77
1625 74
106489 70
394|5
588 68
316 60
344 56
225 63
457 71
395|13
329 61
1025 66
296 77
160 55
208 54
173 51
485 58
355 49
520 59
595 68
126 58
48 59
367 59
396|6
1276 76
1597 60
1777 65
44 52
204 55
2081 68
397|5
4017 75
8645 75
1701 75
8228 73
6993 76
398|10
6408 76
1197 91
5971 84
7022 83
1198 91
60069 86
2455 77
1136 89
48516 89
82459 81
399|8
1198 84
110 80
5445 74
1196 83
593 83
480 75
1270 80
2194 78
400|9
608 91
356 91
2571 91
2959 94
7153 91
1221 92
3578 88
858 94
59615 72
401|15
5952 78
6297 69
55768 67
48982 69
166461 68
49274 62
50872 74
32031 66
79091 71
170939 68
38038 72
8360 71
3114 75
33615 66
1136 81
402|10
1084 83
597 76
52 76
329 73
296 88
586 68
315 69
1036 83
434 68
527 88
403|7
110 79
2427 66
3210 71
296 83
61465 68
1663 74
180 70
404|12
204 57
349 68
474 70
34 70
364 77
508 71
105 65
593 80
509 68
277 62
315 61
185 59
405|20
70708 76
293 86
7254 78
37731 77
2959 91
345 79
1213 89
7134 76
64614 83
6023 75
1241 79
2329 88
1247 85
3052 79
68237 83
1199 87
27592 77
27664 75
3418 77
1215 87
406|5
1586 60
135 59
56949 63
46972 64
724 62
407|5
7153 85
2959 87
6539 79
1240 79
54286 76
408|20
1198 93
122904 85
44840 76
165101 76
6618 83
1291 90
1210 91
89745 87
1278 89
7324 79
44 67
8641 84
115210 82
103596 74
68554 78
2571 91
109487 87
63131 80
80489 84
4649 81
409|20
2485 66
2490 74
2028 85
3812 74
1278 84
2997 83
296 88
1078 73
3016 72
1073 81
2683 70
2289 80
3846 74
912 87
2013 70
1911 66
2352 77
1230 82
2541 74
3174 75
410|20
389 76
3224 80
318 94
2302 73
4002 80
1060 80
4297 77
3263 73
1859 77
111 88
58 84
2145 75
3255 78
2321 77
3504 83
3948 77
11 81
4019 81
3 74
597 77
411|20
508 70
261 71
586 60
432 54
353 71
431 70
194 68
318 84
272 70
515 69
356 79
266 65
257 67
349 68
10 67
31 63
344 59
227 58
455 53
122 59
412|20
2828 71
2384 67
2915 75
903 83
608 86
2720 59
2858 84
1883 71
1307 80
1214 82
1784 78
2239 80
1 82
930 83
1136 86
2710 64
915 78
2398 79
17 77
1079 83
413|12
2706 82
1198 96
3753 82
2424 78
593 95
128360 85
4993 94
16 90
5574 83
3948 82
64957 83
2959 97
414|20
4458 67
4666 67
5285 67
5635 67
6033 67
6493 67
6563 67
6628 67
6797 67
48319 67
58879 67
169992 67
3802 64
3599 67
1600 68
8666 54
4975 68
7444 66
4081 66
177593 76
415|19
296 89
1213 89
4321 75
3507 81
4308 77
47 85
1021 64
111 86
2617 70
1276 87
3861 70
4369 70
99114 83
1221 89
63082 83
1234 84
45722 77
1197 89
175 81
416|11
5952 67
5951 54
531 55
1296 60
1199 68
1721 56
830 53
1206 68
7323 59
4848 65
3677 59
417|14
778 90
4995 89
4975 79
7254 81
1198 93
106782 87
27773 86
168250 81
1625 82
7153 92
74458 86
110102 84
48394 85
4878 89
418|19
356 82
296 83
63082 77
104374 74
1276 81
1136 83
117176 72
1573 68
137337 70
1682 76
5816 74
88125 74
74458 76
367 65
89745 77
45672 65
87869 72
7361 83
54001 76
419|20
4093 73
111 84
46976 77
27822 69
2858 83
319 75
6287 68
3578 83
1213 86
64969 75
47 82
79592 71
34319 72
89580 73
60756 75
27704 73
90943 73
2412 60
1240 80
52245 70
420|20
1161 74
4993 85
45499 71
923 82
26693 72
48385 71
1927 77
5608 76
2052 67
6934 68
7022 79
3979 63
59295 72
2329 85
54259 75
1131 76
2762 80
4973 86
5669 78
527 86
421|8
2858 84
909 79
5008 79
953 82
1178 81
2313 77
2478 70
1203 84
422|19
2539 61
2710 55
4947 66
4971 65
5039 68
4925 65
2581 60
4916 64
1265 74
2804 73
3053 69
2665 65
1283 75
4835 66
2908 70
3943 64
1213 79
2670 67
858 81
423|5
1653 81
110 82
2194 79
5349 74
1320 68
424|20
1193 81
141 70
2804 77
40278 73
608 82
108729 70
293 79
69122 73
1092 66
54503 76
58559 82
3186 71
66097 73
778 80
5679 67
3176 71
2288 76
2174 71
71668 70
112556 75
425|20
45517 67
377 68
2329 81
733 70
6 77
1645 68
8368 77
2081 71
4306 76
1680 71
1909 67
367 63
46723 69
1625 71
1036 75
4901 68
750 82
2353 67
1342 64
145 64
426|18
59784 68
150 74
471 69
337 72
54001 76
1197 82
6378 71
72641 71
4886 75
8644 67
37729 70
597 69
5444 72
91325 67
588 74
3247 62
4022 72
79091 71
427|17
4887 58
5463 57
5015 63
110 73
58 71
5528 65
6348 62
5312 61
2710 54
5696 62
4993 76
5266 59
2683 59
5400 60
5816 67
1208 77
5574 64
428|20
2471 44
2762 62
3827 49
1089 67
2953 46
2916 58
1380 51
1997 60
3440 43
4022 58
317 49
4255 46
1208 67
1391 50
6377 63
2581 49
260 67
3285 48
588 59
653 48
429|12
339 79
421 77
150 85
225 80
165 81
266 77
329 77
252 78
279 78
317 75
237 77
204 69
430|12
923 80
2987 73
3745 71
6287 66
2858 82
6365 69
2571 83
4447 68
4014 72
329 69
2076 77
4446 71
431|5
172 52
1625 65
1376 62
3948 61
802 61
432|20
1831 58
5630 70
6870 75
8640 66
6539 77
3916 75
5989 78
84189 70
110 79
35836 71
4886 77
2762 78
1206 81
49272 79
19 58
318 88
58559 83
69481 77
7158 72
33660 75
433|5
91529 73
1089 78
50 79
5299 61
110 75
434|20
1136 84
3147 82
1090 79
1265 80
5989 79
1101 70
1779 65
586 64
344 64
3863 66
1208 85
3160 76
589 81
780 69
6796 74
2791 79
4226 84
2194 79
8665 75
1291 82
435|9
2353 77
44191 86
485 73
3510 78
34405 86
2302 75
158 68
82459 83
48780 87
436|20
204 55
435 48
440 67
432 53
161 68
480 70
377 66
531 63
536 64
502 56
364 75
235 67
371 65
344 58
2 65
585 57
450 63
587 65
437 59
227 57
437|20
748 71
318 91
5 66
640 67
1299 79
1120 76
1396 75
1246 82
454 75
1171 74
1225 85
1183 76
1097 79
1307 80
1268 75
592 73
198 73
155 67
112 71
246 83
438|20
7154 64
2501 72
8966 67
27801 72
1527 73
6711 79
3898 65
1784 72
8644 67
6367 65
2424 64
3889 61
223 75
1517 70
7361 81
2641 63
5009 67
2617 63
3753 68
2393 65
439|5
356 84
4022 75
7153 83
78499 81
1240 78
440|7
8690 72
541 84
29 79
1653 81
1274 79
3174 73
1235 81
441|9
589 90
2683 77
2959 96
4306 89
260 94
296 95
51255 90
47 91
68358 88
442|5
2908 46
2881 39
1186 44
3752 39
4361 44
443|8
2329 87
79132 85
296 87
48394 80
106487 75
108190 68
7153 87
63082 82
444|9
356 84
592 72
208 62
21 73
111 83
110 81
235 73
296 86
344 65
445|16
2028 81
590 75
34405 77
47 79
116897 73
780 69
4011 81
899 79
593 82
33794 77
1080 77
45722 71
17 73
1230 78
306 76
2710 59
446|17
237 62
339 63
300 65
296 77
480 68
368 65
288 61
172 54
17 67
16 72
357 65
150 70
434 56
153 53
648 63
593 76
337 67
447|16
257 77
293 86
337 81
531 74
382 72
589 86
552 72
253 79
362 78
532 73
292 76
31 73
474 80
540 69
442 70
160 68
448|373
2368 57
3284 57
3933 57
6302 57
6476 57
7245 57
48262 57
49688 57
75803 57
75816 57
78116 57
79590 57
86593 57
92198 57
98908 57
100326 57
102819 57
104760 57
108715 57
109191 57
111680 57
113416 57
116207 57
116985 57
129657 57
130083 57
133377 57
136654 57
138546 57
142424 57
151777 57
152658 57
157130 57
158022 57
161290 57
164375 57
53996 58
136778 57
5418 64
288 55
88356 53
2580 65
155358 57
2889 60
4034 67
148888 55
81156 60
2713 51
103335 59
95441 56
34048 54
80126 55
3057 57
1057 58
2794 52
33830 59
8665 63
6059 58
110553 52
90374 59
151501 57
3764 54
6143 58
103819 55
4361 60
104913 59
3986 51
5528 59
1196 72
105351 57
83349 55
3276 57
1090 66
5349 61
587 58
106330 55
4677 56
95508 57
109895 54
110611 57
671 57
2289 63
152077 60
80693 55
111360 52
170 57
87444 57
94323 57
8493 56
3671 65
91653 58
4981 57
2991 62
78034 57
119145 64
5099 55
4299 55
2567 53
6996 48
109864 55
6582 56
73017 64
370 53
543 56
115617 63
590 64
154065 57
5553 57
41569 57
3286 52
6645 61
589 67
1920 52
2857 56
111663 57
78499 68
2657 56
6537 54
1148 69
46974 54
48516 71
80241 57
445 54
4262 64
3689 52
114935 60
6428 58
127194 57
109673 55
127096 58
89388 57
4156 57
3793 62
33679 55
2014 55
64285 59
3968 53
49530 62
3450 56
160563 56
5502 56
8169 59
6314 56
122490 57
3386 60
140725 57
4896 63
2642 46
127136 58
2763 60
2520 57
457 68
48783 59
3263 54
5400 53
5541 56
4011 69
58351 57
127132 57
152091 57
3698 56
435 41
4799 53
84152 63
3401 54
2858 69
3174 59
7076 60
106542 57
6218 56
2860 53
1283 67
3618 58
2616 53
90439 59
2404 47
4660 57
2530 52
26386 57
4327 59
3030 63
71464 57
32 68
91529 66
4158 53
99114 65
98585 57
93326 52
2268 63
80489 62
130576 55
105504 64
2791 66
50601 53
7007 57
4234 56
3623 47
80727 58
78467 52
8641 63
4128 61
106782 66
2537 54
112138 59
3247 51
112818 58
2027 49
3101 54
5779 57
82202 54
1704 68
98296 57
6863 57
89305 57
4203 58
1201 71
6212 51
637 52
84954 54
6814 57
94864 55
67695 57
159077 57
92439 58
6812 56
3156 53
802 57
118354 57
134130 65
138036 59
65135 57
52975 59
4368 49
90717 57
45722 60
79259 57
68157 69
4233 50
74458 64
3258 54
1262 68
3949 66
101025 53
69526 47
1831 45
1083 57
1884 66
1476 60
156609 55
3755 54
111659 52
4734 54
161 61
95201 57
135887 57
2598 51
87232 63
4634 59
5334 57
5459 50
146730 57
72694 57
157432 57
132488 57
4558 51
1375 56
6424 57
71518 57
2716 66
94780 54
3593 40
129354 55
158 48
1409 49
6514 57
2881 54
51662 62
90522 56
68554 56
2126 52
122932 57
93510 62
137857 59
125916 54
2953 50
2090 57
1760 44
480 63
58803 59
2109 59
50792 56
46062 53
85510 56
80864 57
112171 57
122900 60
2587 56
1527 63
117529 56
4993 70
92264 57
5247 52
533 53
912 71
26464 57
2249 57
4678 57
103772 57
114601 58
96861 56
420 47
59615 51
2349 59
109372 57
95207 55
348 60
19 47
136020 54
4502 52
91094 54
138208 57
3511 53
79428 58
2643 43
109183 57
2139 61
4212 57
5942 56
96417 57
112852 67
99728 58
89470 59
142448 57
64983 56
2640 62
2046 55
4881 62
3882 48
3744 51
1032 59
116799 59
5 51
4040 49
157407 57
2115 63
1617 69
4367 50
105254 58
3388 51
3760 58
2146 58
2968 63
6281 54
466 49
96448 55
86332 60
64969 60
115170 57
1036 65
3397 60
2474 59
1408 65
155743 57
106920 64
8542 58
120466 57
2051 54
7143 64
7150 54
89087 54
34150 49
2253 49
2973 62
449|8
1917 57
2502 76
4034 74
1222 76
2770 56
762 51
2011 66
2324 76
450|11
3977 64
589 84
110 85
3363 81
3535 81
3948 75
3409 69
1035 84
3568 75
358 71
1259 84
451|7
733 76
593 87
7 68
5 67
494 75
25 76
17 77
452|20
4025 81
2858 98
2617 83
5292 90
1206 99
1676 86
3219 84
47 97
3101 83
163 90
1092 84
1917 80
2126 82
1356 94
552 83
2628 81
1200 96
608 100
2707 86
3273 76
453|20
208 68
858 93
2335 77
4022 82
3618 78
1617 89
3452 74
1357 83
112 75
2671 78
1884 85
1894 72
2294 75
318 95
1614 70
3534 75
2959 93
798 73
5266 73
780 77
454|9
7361 83
2692 79
7116 66
55820 77
6016 80
27773 76
2160 79
2858 80
26131 73
455|12
272 72
432 56
367 64
590 74
253 71
364 78
555 74
252 67
110 78
225 69
588 74
597 69
456|9
1407 73
634 73
135 69
5 69
724 72
780 75
733 78
260 89
706 76
457|10
329 66
3593 51
2692 78
1356 75
223 76
2394 69
2701 52
3608 64
733 71
2094 66
458|12
597 80
185 71
10 80
380 78
95 71
454 81
300 80
595 83
153 69
587 79
150 85
552 74
459|6
79132 87
5618 89
8961 84
48780 85
50872 83
260 90
460|17
89039 77
4886 84
4703 76
3831 79
1441 79
4878 87
3483 74
8970 80
1 85
49272 86
40815 84
85414 78
68237 84
76093 84
47610 81
63082 85
2571 89
461|6
74458 66
2762 67
1036 66
91500 60
3578 69
539 60
462|20
26838 64
89090 64
164655 64
188189 64
1136 77
1219 75
158966 69
1248 74
508 68
1653 73
1674 67
8917 64
8620 60
3424 72
2146 65
7044 66
3814 70
1213 78
82857 64
26131 67
463|7
6377 83
2028 85
4310 68
3753 73
2006 68
1092 70
5995 81
464|20
1370 72
58025 68
63853 69
296 86
2019 83
3527 75
5254 70
7007 71
1101 70
1779 66
377 73
1653 81
55820 79
648 72
33493 72
1610 78
65088 72
74727 72
1617 82
62374 72
465|20
2941 81
2987 80
1200 87
3448 82
5060 84
1299 84
3703 85
3649 74
1625 81
292 77
904 92
3101 74
1754 79
750 93
1256 82
593 91
3732 78
3740 85
3334 83
377 79
466|20
5418 81
30793 71
79091 78
92259 85
5989 83
5459 68
318 93
63082 83
59784 75
5010 80
74458 82
6281 72
5952 86
8529 73
64716 79
68954 85
4993 87
45447 71
81845 84
55247 82
467|22
41 73
58 77
389 70
466 61
527 83
593 83
780 69
1183 73
1233 80
1357 76
1365 70
1408 77
1721 69
2028 82
2125 74
2324 81
2334 66
2384 64
2390 72
2393 67
2394 71
2493 70
468|7
592 69
349 71
1 78
317 65
296 83
32 79
165 72
469|20
3658 70
3832 70
3507 77
3032 73
2736 73
2132 74
1958 75
910 80
1090 79
1485 64
1388 66
2321 71
1234 79
2081 73
1193 83
36 76
2908 75
909 76
2023 71
3255 72
470|16
253 72
318 88
110 80
588 75
282 67
5 63
597 71
32 79
595 75
592 70
500 69
26 72
356 83
357 71
434 63
300 71
471|6
2571 81
8874 79
527 82
1 78
8360 72
7147 75
472|6
58559 87
3450 73
3298 78
2840 66
1221 88
858 90
473|8
4979 72
2959 82
60 64
7147 73
6281 64
3897 75
48322 71
2596 68
474|422
638 66
2179 66
2697 66
4046 66
5114 66
5311 66
5353 66
5455 66
5601 66
6201 66
6273 66
6382 66
6407 66
6592 66
6912 66
7702 66
7826 66
7832 66
7839 66
8057 66
8446 66
8458 66
8459 66
8611 66
8650 66
8774 66
8938 66
1466 71
6708 70
2940 69
2616 61
2334 63
7139 69
4218 66
371 66
750 82
2935 69
8645 69
5481 59
6370 70
25865 66
2553 67
912 80
2467 70
5548 67
7301 68
52967 66
5945 65
480 72
1983 63
3462 69
1068 66
8600 67
6650 68
8482 66
6791 70
4016 71
1784 71
3668 69
3977 56
8961 74
4160 67
30820 66
6984 66
2750 66
5034 64
7716 66
2612 66
4419 70
1300 71
4187 68
1187 66
6565 71
272 71
5440 66
25937 66
1099 65
3125 66
5826 66
5649 66
7256 69
4912 68
6016 77
1208 80
2083 71
3385 65
2310 66
3360 70
3163 68
1413 67
4081 65
1643 67
968 71
2116 65
26965 67
5954 71
1263 74
5116 66
3536 67
8778 66
63433 66
2952 68
318 84
3394 63
1200 76
3384 70
4356 69
932 71
7698 68
516 66
4873 70
48385 65
39869 68
1902 66
2641 61
7036 65
2181 67
4638 59
31116 68
2455 67
2146 67
628 69
3897 75
1030 61
4022 71
344 59
3196 70
92 61
237 65
6770 67
3259 65
3368 66
26151 67
1293 71
34072 69
3044 69
1639 69
5944 63
6539 74
477 66
7361 80
55687 66
58 74
4014 68
3467 67
8154 69
4191 65
2134 65
4644 68
4293 65
5013 71
1399 65
1196 80
2918 74
5899 67
4465 66
100 62
361 63
3341 70
8921 66
195 65
3789 66
4709 66
1588 64
3468 75
4678 66
2723 65
2118 70
1939 71
7019 66
3147 78
1792 63
33903 68
1682 73
41566 67
1693 66
1957 70
5021 67
2313 70
3870 66
948 69
47099 72
3447 67
6614 66
216 68
5619 67
3987 61
5060 73
3111 69
45950 68
32584 65
5525 66
2567 62
5956 69
7 61
1172 75
3217 66
8331 66
587 67
5238 66
1189 70
2416 64
832 66
3095 70
7386 68
1223 77
7058 66
5246 63
5418 73
27803 71
26 69
4002 70
1135 66
45 66
6945 69
2411 58
2520 66
7347 66
5375 66
5673 70
3039 70
7833 66
33781 66
720 76
2103 65
33154 69
608 79
1327 60
101 72
7061 66
5451 65
5682 66
5434 67
6609 66
31658 74
4578 65
2009 66
4704 66
7572 66
4929 64
3306 67
6334 66
5379 70
5437 66
42418 67
4128 70
7451 72
2786 62
2243 66
27846 70
6197 66
3264 56
3608 62
5603 68
6124 66
1222 78
1663 71
3566 62
3755 63
2628 60
4815 64
2089 67
7102 65
27706 65
7013 69
1348 67
45666 59
5755 65
4055 69
2058 66
4462 63
1544 57
2405 61
4998 66
273 60
1977 64
1732 76
7822 66
7073 66
41527 67
4787 67
1676 65
3708 65
6669 68
317 62
25940 66
971 71
7366 64
3115 69
7026 65
2710 57
50685 69
2114 70
3809 66
3516 66
2770 58
535 65
4878 77
5992 72
41997 69
1083 66
4487 66
7293 69
1016 66
2006 61
1007 63
4993 80
3412 68
5007 66
3929 66
6639 66
8712 66
1876 60
3546 66
34359 66
7579 67
7325 67
6837 66
2634 66
7753 66
8943 63
8385 66
4308 69
3246 72
3745 67
1148 77
42002 66
50740 68
3952 65
1927 71
7581 66
910 76
3948 67
54881 72
1284 73
4007 70
5341 66
3675 71
52975 68
6244 66
965 69
454 68
1247 76
7215 66
1282 72
8207 70
6242 67
6502 74
4509 67
3528 67
2391 70
4262 73
4039 64
42018 63
3271 70
976 66
48394 73
5384 66
5168 66
1358 71
6534 57
8773 66
2384 60
48780 76
1269 73
4600 67
2642 55
111 78
933 76
3578 76
5297 65
944 67
6020 66
2123 61
748 64
4896 74
5380 70
53953 63
3712 66
25996 66
1997 73
4464 68
4085 67
51540 71
2707 65
2069 68
6710 68
1488 65
6378 70
928 73
3038 70
7116 63
44511 66
594 70
1962 69
421 64
4316 64
2761 74
4823 62
892 69
1345 67
5294 71
1408 74
6579 68
3272 67
3421 72
3844 68
6787 74
37736 67
2249 67
1610 74
2468 59
3498 70
4902 68
6268 67
5225 73
5404 69
929 66
25999 66
7835 66
805 69
4126 67
475|20
6539 92
4993 97
87232 90
40815 92
5816 90
8644 85
81564 87
4701 84
81834 93
6564 76
68791 85
111759 92
7153 98
1527 90
71530 80
4896 91
106487 86
112852 94
3578 95
82461 84
476|14
594 77
34 76
380 73
158 63
153 63
586 67
440 75
364 83
378 71
357 75
224 75
165 75
296 87
11 77
477|20
34 76
913 83
3100 79
2105 72
1271 75
1207 83
70687 70
2174 75
45672 70
4571 77
3973 69
4226 86
1103 79
5291 76
348 76
3593 55
1 81
1274 80
6502 81
59615 66
478|5
1917 53
3114 68
594 65
1584 64
1101 59
479|20
5365 65
4488 65
524 66
1025 68
3707 60
1220 71
4010 65
3244 66
3526 67
4092 64
1968 72
4700 63
4003 65
3671 72
2671 66
341 65
2012 65
2542 75
454 67
2384 59
480|20
43914 64
2700 71
8533 67
2193 67
2797 70
3484 59
2571 77
1210 78
2596 65
8866 62
47610 68
6306 66
5379 67
2018 65
7153 77
3911 68
44191 73
38061 74
5673 68
380 64
481|7
1608 58
1687 57
1629 58
1729 63
1620 56
1597 55
1485 54
482|20
2068 70
8985 63
1036 76
474 72
1042 65
4389 68
780 68
27706 66
3211 69
1610 75
4367 61
1374 74
1220 74
1602 65
653 63
592 68
30812 70
4862 66
8361 62
8529 66
483|20
105325 71
783 69
2541 70
2959 87
109971 71
45722 73
1199 83
50872 78
2000 75
4306 79
69757 75
2683 67
2273 67
1588 68
109487 79
66934 77
1721 70
2328 68
68522 71
8972 71
484|20
93320 75
1438 68
6155 74
6944 76
2706 76
33166 82
6874 86
3697 71
1059 79
76293 74
919 83
2762 82
1821 72
837 75
5810 73
1753 77
3254 75
4718 69
2413 77
3646 63
485|5
588 82
161 79
253 78
292 75
231 69
486|12
653 72
47 87
110 87
153 68
474 81
95 70
288 75
329 75
161 81
318 95
292 77
6 86
487|12
27611 61
8961 64
318 75
1198 71
31658 65
1197 71
6539 64
5445 61
116797 64
4027 65
8874 67
86377 63
488|20
720 80
838 76
608 84
1223 81
26 73
5135 74
2109 72
7720 70
7303 73
4014 72
5995 79
457 80
105 69
1136 84
272 75
1269 77
3176 72
1278 81
1125 74
910 81
489|20
79536 60
86000 60
4848 68
736 55
8387 52
4700 58
45666 53
4720 63
2683 55
2021 61
2389 50
1619 59
950 61
58559 74
2236 58
2167 58
1616 56
247 67
376 56
2717 53
490|20
46578 70
89492 65
81591 63
91077 66
60074 56
5816 64
4144 66
54001 67
1 69
1784 64
7153 73
4993 72
89759 64
86320 60
60128 60
76251 63
8368 69
69122 64
2006 55
78499 70
491|13
106782 89
69757 85
7293 83
27808 80
4246 85
3948 81
104374 85
86833 84
140110 81
8529 78
180231 81
4306 89
88405 77
492|20
736 76
784 70
628 82
858 95
852 75
64 76
990 77
830 76
743 68
62 82
52 81
1499 62
66 73
1210 91
881 75
1474 70
1405 73
724 76
1047 77
65 68
493|13
2985 68
4444 68
2916 72
1275 74
2571 80
1527 73
2028 80
3793 72
2167 66
1215 78
4701 66
2924 73
260 81
494|5
1196 87
4498 72
3578 83
2028 86
1210 86
495|20
140523 78
115149 83
1259 87
1721 77
136562 78
80489 82
19 66
50872 84
231 71
102123 77
52319 78
7254 80
7360 82
8528 83
1645 78
46578 87
30810 80
2918 85
148626 85
56775 76
496|6
1221 78
99149 65
858 80
904 78
8865 58
114713 64
497|11
1193 75
112556 68
112290 68
1916 64
92259 73
2329 76
112552 72
1258 74
2762 71
5349 65
111362 68
498|7
344 71
231 71
648 78
10 79
300 79
356 91
316 75
499|6
1202 74
2337 72
38304 76
327 67
56286 73
1304 81
500|18
2599 65
2987 63
543 59
2700 67
2542 70
1265 69
2916 64
356 73
3301 62
1784 65
1914 61
595 65
2355 63
3536 61
1885 59
322 62
838 65
720 70
501|9
6 73
62 67
93 61
45 64
3 63
637 59
11 69
18 67
662 63
502|7
7236 70
1077 74
4412 67
3469 69
2001 67
2520 69
1777 70
503|19
7455 63
7361 77
4878 73
356 76
91500 63
593 76
527 76
858 79
4226 76
1259 72
1342 60
2877 61
92509 63
90866 67
500 62
441 71
48516 76
2858 74
48394 69
504|18
4995 82
5812 75
2321 73
1 81
3556 77
7153 85
6708 76
1288 84
6927 73
4033 77
4700 71
6565 77
342 71
3408 75
6879 74
4361 75
5952 84
5955 74
505|7
1241 80
4105 80
1029 76
74685 76
273 70
6502 84
54999 77
506|9
59258 65
54272 69
37741 71
56782 76
62293 67
51834 64
49286 66
112556 71
61024 69
507|5
165 68
266 65
253 68
377 67
593 79
508|5
2872 53
2011 53
1952 58
1175 58
898 62
509|20
26958 63
130073 63
2028 75
87232 68
33830 64
5313 53
48 59
2090 62
2080 63
6942 68
8907 55
6156 60
5816 68
39 61
3988 57
6807 71
7458 64
1196 76
45447 59
616 66
510|20
1882 38
7026 54
35836 57
494 57
1198 69
514 56
457 65
2935 58
858 71
2699 48
317 51
8949 60
2918 63
145 51
1262 65
6787 62
1208 69
372 49
1242 65
40819 62
511|11
2959 92
53953 73
115149 82
164179 82
6534 67
99114 84
92259 86
318 94
2324 87
1653 86
56757 79
512|10
480 77
150 78
349 74
47 82
350 71
442 65
457 81
50 86
317 68
593 85
513|7
5952 81
318 88
2174 72
235 72
1304 79
1220 76
1080 78
514|20
1335 64
5704 64
62586 64
168358 64
180263 64
1704 75
2005 68
2792 63
2013 61
1673 73
134130 71
76093 71
1333 68
58998 69
68157 75
2406 65
3210 66
54503 71
4855 69
1644 48
515|6
33794 90
2028 94
527 95
91529 90
58559 95
2959 98
516|26
260 83
457 79
480 75
647 70
708 69
1042 66
1090 78
1197 84
1198 84
1954 77
1958 75
2021 72
2259 69
2268 76
3052 74
3471 75
4027 77
4291 65
4306 78
4321 70
4322 72
4333 68
4337 70
4349 71
4361 72
4429 71
517|20
4306 55
53125 47
1265 55
165489 47
97938 50
88744 50
86880 45
4148 41
26761 47
3398 49
1293 51
3988 41
2858 57
4963 53
1204 59
1704 57
47629 49
7669 52
1206 58
46578 56
518|5
3101 64
2657 67
783 67
1876 62
6365 66
519|6
1704 90
356 92
140110 79
6378 83
7445 80
1968 86
520|20
7266 75
318 93
1049 75
59315 80
4995 84
32 84
2716 82
4333 73
1291 86
1732 85
4085 76
2723 74
3081 76
3994 76
33493 75
135 68
2393 72
60516 73
2406 76
1584 77
521|8
661 70
112 69
86 76
104 71
58 79
79 65
52 73
852 68
522|20
99114 79
81932 76
89492 75
63113 71
2959 86
1193 83
1375 70
4993 82
223 78
27611 75
76060 71
180 72
59315 76
1617 81
10 72
67255 77
2023 71
6187 74
318 89
127098 73
523|15
168252 95
8970 89
5989 94
318 100
91529 94
1721 85
293 96
65261 91
4270 80
3147 97
27731 88
134130 93
31696 84
527 99
101962 86
524|20
1356 74
150 74
552 63
748 65
344 61
442 61
253 70
1225 79
20 61
589 77
1242 77
544 65
173 56
1302 70
380 67
457 77
1020 66
788 56
193 53
466 59
525|20
120807 68
317 64
6863 68
8622 70
33004 69
7147 74
2396 74
40815 74
137337 69
1639 71
1968 75
91869 68
45880 68
2100 63
339 68
4886 75
50872 74
86332 70
8983 71
3996 75
526|12
593 88
55247 81
46578 84
176415 75
1295 73
90430 76
4014 76
2352 78
176413 75
215 81
81845 84
51255 84
527|20
2137 80
3114 85
3210 80
3016 77
2161 81
4571 82
2118 82
3421 84
455 65
2867 81
2450 65
1909 78
1214 87
4299 76
736 74
2477 77
588 84
4016 82
1259 88
2533 75
528|15
4886 70
2278 64
80906 68
4037 64
1240 70
64614 70
3821 52
150 69
1291 74
80463 71
593 76
99813 66
85342 66
48516 76
58559 76
529|5
653 61
135 60
65 56
62 69
733 70
530|6
292 73
500 73
300 75
586 67
593 86
11 78
531|5
593 85
590 78
919 79
480 77
1215 83
532|10
1721 76
4863 79
457 86
290 82
1245 86
1242 87
2023 78
2329 90
1304 85
517 76
533|8
1200 90
6502 88
79132 91
46578 89
93840 85
4973 94
2455 81
66934 86
534|20
116724 75
97913 79
94953 75
2003 77
2167 74
7569 79
153 66
1485 70
65514 78
104218 74
344 69
2571 88
5445 80
95875 73
112818 76
82461 74
96610 78
2987 78
138036 77
1566 76
535|6
2571 71
2581 54
2700 65
2688 55
2583 64
2882 57
536|8
232 70
272 70
356 78
335 65
225 66
150 72
434 58
589 74
537|10
80906 80
367 70
7153 87
53322 75
104218 74
97304 81
6539 82
318 92
89745 83
105504 81
538|8
595 85
3671 88
80549 85
4039 78
69757 84
5047 79
44889 80
66934 86
539|8
4306 78
6753 71
5218 73
50872 77
88 67
3301 71
4886 77
69122 74
540|9
2598 70
2959 92
1073 83
8874 86
1681 71
2183 78
2841 77
2747 73
1196 90
541|18
590 73
457 77
413 60
15 64
110 77
595 73
597 68
480 72
356 80
203 67
529 73
357 69
22 67
345 71
546 55
586 61
281 71
350 67
542|20
6539 75
30793 63
5299 64
2542 77
34319 66
33679 65
4963 74
5481 59
1997 74
4025 61
3623 56
924 76
4369 62
6378 71
2571 80
7254 70
41566 68
37733 69
7361 81
45517 66
543|16
73881 83
1702 77
595 87
3301 84
231 76
2378 78
2379 73
86882 85
6377 92
588 88
377 83
48385 81
2571 95
4526 79
4388 72
92259 92
544|22
1 78
3 68
14 71
32 80
40 71
62 72
68 68
95 62
116 69
619 65
626 70
648 70
650 66
694 66
736 66
780 69
839 65
1042 66
1047 67
1059 74
1105 71
1356 77
545|5
1438 61
1267 78
2763 72
1367 63
44 56
546|13
1270 78
3328 75
480 72
1970 63
2456 62
1976 60
589 77
2657 66
1673 76
3941 67
3959 68
3566 63
1977 65
547|5
1211 76
2859 76
2917 77
1394 82
1288 85
548|26
69 73
260 83
356 83
733 73
1196 83
1393 72
1477 70
1621 68
2571 82
2716 76
3263 66
3578 79
3916 74
4776 75
4899 61
5955 71
6874 80
7458 71
8531 68
49910 70
58559 83
74532 68
80862 71
122904 76
125916 67
168712 70
549|5
2571 76
2028 76
4226 77
1210 76
589 73
550|6
167296 75
102125 77
106782 84
116797 83
112852 85
122882 81
551|20
5010 75
34162 71
60069 79
1544 61
45186 72
103772 70
51935 74
4226 82
2353 69
7153 81
5989 78
135569 71
115149 75
88129 73
134130 77
6934 66
47 79
4701 68
2959 84
98809 75
552|20
2916 65
3317 67
1405 55
2953 53
2245 58
2944 67
2890 65
2125 65
508 65
3948 61
5349 64
2959 77
2857 59
173 49
2991 65
2871 67
2628 55
4308 63
4878 71
3101 57
553|17
55765 86
3481 84
1923 83
2571 92
4011 91
50 94
3949 88
1089 93
44199 84
5513 79
2231 86
2395 81
3052 83
61257 79
1221 93
33166 86
2959 95
554|18
1196 89
1022 78
2820 76
1207 86
1517 78
1282 82
1210 88
1760 62
2282 74
1225 88
907 76
1358 80
2096 77
1028 86
593 89
608 88
953 85
2324 87
555|20
790 69
3664 69
1 78
3111 72
3395 69
104 70
1334 68
2506 69
2072 66
4002 73
1266 80
2641 64
2256 69
2791 77
2701 52
1333 73
1320 66
337 74
1393 72
3526 71
556|7
162600 76
122890 74
3081 77
88125 81
588 81
72998 78
74789 69
557|6
648 71
231 64
1291 81
260 84
1210 83
150 77
558|12
5329 74
5064 81
4903 75
2297 77
2568 73
4993 88
4306 84
367 72
5283 72
1097 82
4164 77
5294 81
559|20
552 62
608 79
355 52
329 65
544 65
1527 72
173 55
377 68
745 74
174 62
529 72
350 66
349 68
533 62
836 61
1210 79
420 56
786 61
227 59
253 69
560|20
5839 68
91535 65
136018 67
67997 72
79132 79
3253 70
142558 68
2355 70
39435 67
1527 74
40414 70
64614 76
48744 69
56587 69
593 81
76251 71
84944 70
109313 68
5878 74
40819 75
561|20
168174 65
5308 60
78469 62
3703 73
60069 75
91535 62
2105 64
73017 71
5445 69
2000 70
83134 68
79132 76
79592 64
80463 73
89745 73
527 79
8972 64
353 71
33162 66
68157 76
562|20
27140 78
6870 83
6377 88
2580 85
1249 88
4776 83
36529 81
1259 87
1982 80
2268 83
2133 79
83134 81
3210 80
48394 83
30707 86
33836 69
2692 87
88163 85
99191 78
1240 85
563|20
61071 66
70932 66
80858 66
919 73
74450 65
588 71
5943 58
118997 64
86833 69
1197 80
128832 66
85397 66
45221 62
33499 64
7380 67
96821 71
81784 65
95307 63
65585 66
55250 64
564|20
50942 70
356 83
31685 67
131013 70
61024 74
79224 65
87869 73
500 69
108156 70
81784 69
93270 64
6188 72
106918 76
65230 69
67087 71
80693 68
94677 71
8984 69
73266 69
2671 71
565|6
590 75
231 63
19 58
21 71
50 84
539 71
566|15
648 69
10 70
231 62
329 67
342 67
141 70
203 69
345 72
39 67
497 76
265 72
588 75
708 68
353 74
2 69
567|20
8189 44
26743 44
92681 44
109897 44
152071 44
5690 51
136602 45
122888 44
6333 49
1274 51
122922 49
153070 44
151687 44
117877 44
108928 42
954 51
122924 43
27773 52
648 44
135887 44
568|23
50 84
147 73
296 84
356 83
480 75
593 83
765 66
1103 76
1104 82
1257 73
1298 74
1895 70
2313 73
2359 71
2863 71
3053 73
3148 75
3261 70
3363 76
8169 72
46723 71
63853 67
65088 70
569|5
231 72
50 93
380 79
588 84
592 78
570|20
208 55
8636 71
48516 78
1225 76
586 58
2683 60
457 74
1196 78
110 74
4993 77
7361 78
1198 79
1079 74
10 66
3793 69
1391 60
589 74
380 65
527 78
185 57
571|20
1331 54
2982 54
2366 56
1128 51
610 56
2902 52
1998 49
3696 55
1980 54
1987 54
70 55
1924 51
2279 47
1327 47
3732 54
1972 48
1278 64
1644 38
2327 56
1978 52
572|20
1961 84
2570 75
2788 86
2321 77
111 88
904 91
2987 79
2302 74
1834 81
2539 72
2917 80
1307 83
1 85
161 80
3421 83
838 82
1356 84
2006 72
3167 77
1953 84
573|20
89745 89
72998 82
3752 78
356 93
7293 83
6754 82
8665 86
32587 87
1073 88
88744 84
1127 84
68954 91
98809 86
2640 84
48516 94
71535 87
59369 82
60069 91
88140 83
1562 65
574|23
47 80
110 80
150 76
153 60
161 73
185 63
225 71
231 63
292 69
296 84
300 71
316 67
318 88
329 68
339 70
344 63
380 70
410 65
434 63
588 76
592 70
593 83
595 75
575|8
2566 64
2580 72
296 78
2581 59
2572 68
2542 74
2574 59
2598 58
576|5
849 57
1321 63
1373 57
1479 62
2289 70
577|20
2415 67
1183 70
1288 78
1129 68
2944 73
2194 75
733 70
1213 81
2076 73
2020 73
1262 77
1931 70
1391 62
2987 70
952 71
1909 67
260 80
919 75
2248 73
1270 77
578|6
6751 77
52668 78
45668 77
830 74
72407 71
75446 77
579|15
3174 79
2485 69
1022 79
2018 77
838 82
1917 70
1391 72
596 78
1573 77
2965 77
1653 86
2599 81
892 80
2687 77
595 82
580|20
5767 67
6583 67
480 73
8844 67
6989 68
3809 67
41569 67
3699 66
4041 69
33166 74
356 80
508 72
8376 68
3578 78
608 80
3785 62
3089 74
1320 65
54286 72
1201 80
581|8
7153 89
5995 84
4973 90
116797 84
3949 85
4306 84
109487 84
6377 86
582|12
91529 83
2959 90
116797 81
4993 86
5618 86
2571 86
76251 77
69844 81
104841 76
48516 87
97752 76
76093 81
583|12
8533 69
88405 63
2706 67
117590 70
317 62
60756 68
6942 71
595 71
46578 75
104 66
2694 63
7451 72
584|17
288 79
22 81
203 81
315 76
500 81
316 78
539 82
234 73
296 95
257 82
434 75
586 75
338 76
349 83
282 79
480 86
590 87
585|13
3173 75
1228 88
54503 85
2959 93
428 81
1405 71
7254 80
441 86
1805 72
296 92
27373 78
5325 79
79132 89
586|20
34332 82
4016 87
111659 78
106002 82
149406 83
167036 85
45499 82
136556 84
5445 88
117851 83
1291 94
71264 86
106489 83
135436 82
3753 83
2640 87
3147 95
122916 89
3793 88
101362 79
587|20
1234 86
628 80
2012 77
534 79
2002 71
1641 83
236 76
1376 78
2622 77
1541 72
3260 81
497 84
3082 76
445 74
3448 82
2574 71
765 74
691 76
329 75
3406 77
588|12
50 78
16 72
20 57
356 76
350 63
198 63
593 77
364 73
163 66
253 66
223 71
3 61
589|8
1092 72
318 93
590 81
373 77
586 69
587 76
527 89
337 80
590|20
924 74
8807 68
2371 63
38061 75
81834 73
40815 72
4890 62
903 75
5 58
3624 61
555 71
4047 68
51662 70
2085 66
419 58
595 70
329 63
2376 65
3635 67
2398 71
591|11
2908 70
2706 66
2712 65
2355 67
3615 62
3578 75
2394 66
3798 62
356 78
223 72
2724 56
592|19
514 74
2 74
153 64
415 66
110 83
177 70
420 63
380 73
44 61
788 62
588 79
163 76
204 64
610 75
39 72
419 66
253 76
432 62
240 72
593|20
1196 75
1073 69
1086 70
1617 73
4034 71
41566 62
1197 76
344 55
8368 71
339 62
2959 78
8961 69
5816 66
2797 67
4896 68
588 67
595 67
5952 73
377 63
141 63
594|20
7031 80
2671 81
7115 79
1616 76
5943 72
1188 81
2269 78
1733 82
4902 82
6996 70
780 80
1429 81
6140 80
7046 76
39 78
595 85
799 83
2028 92
8482 80
7169 81
595|5
265 79
50 90
1186 79
1199 88
1966 76
596|20
33649 67
43744 67
182793 67
129397 67
128908 67
1 76
142488 77
122922 72
4310 62
71838 66
4025 61
2501 72
110102 72
149406 67
2774 67
5502 66
8665 72
6537 64
2571 80
345 71
597|20
1799 78
490 74
3040 76
2529 85
2858 88
903 87
3039 81
2000 82
1291 88
357 78
1228 87
1845 84
2411 69
1580 78
1148 88
1198 92
2723 76
485 72
592 77
2692 87
598|5
56367 78
8360 74
593 85
114265 72
103543 71
599|496
26142 52
26567 52
26590 52
26676 52
26854 52
27595 52
34800 52
53450 52
60803 52
69131 52
74696 52
79895 52
84523 52
87960 52
92674 52
98799 52
102735 52
102852 52
104017 52
105020 52
122433 52
157865 52
158874 52
160978 52
161044 52
174727 52
179053 52
1801 54
6035 53
3387 51
33437 54
112 50
5995 61
167706 52
4394 52
836 47
7235 54
8809 53
102749 52
89087 49
42011 45
432 40
471 54
5628 53
1015 49
2 52
2269 51
69 56
3947 52
79091 56
104837 52
4037 54
7587 54
6881 53
1449 57
7225 54
81229 53
68952 56
4728 48
5081 51
33966 52
1779 47
3669 52
87197 52
170297 52
79057 53
95965 52
55207 52
4007 56
1220 60
80831 53
46723 54
71282 56
7757 54
3259 51
92309 53
1376 54
7192 52
4654 50
101423 52
53468 51
62662 52
3174 54
3698 52
2882 51
2359 54
1183 56
2792 51
1095 55
8387 44
53125 52
115713 58
2949 57
2471 42
3 50
1231 58
3861 48
240 51
1480 53
2301 56
1445 47
8045 52
586 46
2942 45
1185 56
4594 52
2474 54
3671 60
3196 56
64839 58
98697 52
2606 46
1777 53
5309 48
7022 60
4873 57
541 66
27311 54
43921 54
67734 53
4240 52
5026 58
168 46
33493 54
4125 49
7354 52
207 53
1094 52
742 49
1609 51
1042 49
3362 59
4553 55
4632 52
2278 54
468 50
122904 58
75416 52
42718 54
4285 51
79274 54
1794 52
45081 49
108192 52
3489 54
3503 58
89804 52
163809 52
577 49
3071 53
1204 66
3981 43
95771 52
45382 53
6548 49
59387 56
166528 58
168492 56
6691 52
605 49
424 49
2991 56
248 49
97950 52
3865 53
1216 53
342 50
35836 54
27772 50
176419 53
151781 52
277 48
6320 49
39381 55
5111 52
4090 53
2450 39
2676 53
2356 49
79702 58
1597 48
410 48
1721 51
3702 54
183301 52
1387 64
2072 50
26729 55
2393 50
4247 42
4591 50
1032 53
3087 50
1895 53
634 49
210 52
2074 54
51575 50
3505 56
5247 47
481 51
4215 46
1355 50
2657 52
2028 66
4011 65
420 42
552 48
1196 67
2395 55
5303 53
1752 50
3186 54
4310 47
1784 57
3200 58
7254 55
688 48
473 48
1079 63
1552 46
1148 64
1544 43
63113 52
2325 52
26649 54
6804 52
161 56
4109 50
34332 50
1653 62
4808 49
7707 52
3468 61
502 43
1221 68
1792 49
68319 47
6787 60
2119 49
3884 48
4254 43
3973 48
103609 52
8934 52
5377 58
42632 55
55290 55
4506 52
7840 53
5568 49
1689 48
7005 52
103228 55
59947 52
786 47
4351 52
172253 52
4679 49
1411 59
117630 52
1590 47
112623 54
3146 45
8984 51
1920 47
519 40
179817 54
3979 43
3741 56
44020 52
26630 52
7285 55
3030 58
1021 41
8638 54
87 51
7153 66
2877 50
2018 54
3173 50
5198 52
7101 51
7701 43
3213 58
26159 53
2339 52
33896 53
2000 58
4006 52
136562 53
37382 50
6645 56
171763 59
8528 57
27008 52
4017 55
4167 51
86142 55
1249 63
3255 55
736 48
2779 52
84414 54
27773 61
2083 57
98499 52
4034 62
119828 52
1993 49
94864 50
6631 50
2321 53
26242 52
3703 61
41566 53
2529 60
1968 60
8914 56
3257 46
159403 52
1036 62
76093 60
5103 53
6947 56
1952 60
2124 52
4084 47
6016 64
778 64
81 50
2171 52
1253 58
4275 51
7982 51
3723 55
849 46
2681 52
6565 57
39414 51
122916 58
6440 57
8917 53
72011 56
1605 51
1240 61
923 63
68157 64
5961 52
5053 52
3571 53
2403 57
3871 56
44238 52
72226 59
7004 46
2054 43
62970 52
5159 51
354 54
122924 50
48774 60
1394 62
3763 52
70286 59
1904 52
3969 55
81562 55
102590 52
233 54
4155 51
1031 55
76 52
459 48
1097 59
1178 60
60291 53
3328 60
1232 55
3036 54
5283 48
4327 54
610 55
2726 57
4732 46
5970 52
2396 58
594 57
1247 63
45499 51
3476 54
2399 50
137218 52
1997 59
3271 56
27801 57
6365 51
1799 54
580 50
122900 55
2803 50
80219 51
466 44
110882 54
3997 41
26176 52
2378 49
117895 45
26662 59
90603 54
119218 52
44 40
809 47
1960 56
4519 52
1959 55
414 49
1073 60
61236 51
1479 51
4019 57
1245 61
37857 56
161032 52
371 52
3020 55
88593 52
6774 56
2005 57
90405 51
26285 52
6793 42
627 53
1617 64
6734 50
108090 52
2427 50
51024 53
122922 56
3440 41
6874 64
4919 52
338 47
81591 55
1704 64
1499 35
357 54
62155 53
144 51
34148 53
53519 50
4504 52
2796 48
216 54
6827 48
1429 53
7445 54
1385 46
90471 52
8425 52
10 54
26542 52
7387 57
72998 54
89470 54
3629 56
1297 56
3424 60
1672 53
44761 58
196 42
70703 52
2383 48
180 54
4040 44
6333 57
4440 54
5291 56
88235 53
1639 56
4580 49
153236 52
86190 53
4477 46
103027 52
32291 53
34811 52
5171 45
122260 52
8784 58
5954 58
8798 57
707 47
880 44
314 55
61323 54
600|20
3269 53
1394 68
3785 53
2717 53
5569 59
4306 67
1206 72
56775 57
2015 59
7 53
2013 56
262 64
1210 71
1060 63
2431 58
2077 60
2423 61
4641 62
527 72
5076 58
601|20
141846 79
68157 90
1262 89
106782 87
60069 89
49272 89
5445 83
1193 91
1207 89
79132 90
904 93
166024 80
1917 72
7153 92
2324 90
170697 80
31658 87
5989 87
88810 85
2571 92
602|20
161 69
19 54
350 65
494 68
14 67
471 68
125 68
434 59
235 68
481 64
315 60
371 66
474 70
527 79
21 67
349 67
440 68
339 66
480 71
163 69
603|20
602 68
803 68
2008 68
2577 68
3459 68
4787 69
2912 73
1769 63
485 63
4420 68
920 72
1 77
2706 68
1844 70
3787 70
1222 81
190 68
2716 74
3983 74
101 74
604|20
220 71
292 70
151 73
329 69
410 66
426 71
435 54
316 68
22 70
235 73
181 60
332 68
273 65
637 65
285 71
173 59
588 76
23 67
553 76
1 80
605|20
35347 64
6787 71
1197 79
5667 64
42738 61
51662 69
7373 63
596 65
780 64
4571 68
2316 64
7454 56
150 71
60040 61
8977 57
3269 58
72982 64
1210 77
62376 62
60937 58
606|20
263 71
563 71
583 71
3808 71
4671 71
4840 71
5856 71
6111 71
6573 71
8685 71
32728 71
55805 71
3147 82
4392 71
2311 72
6308 68
50842 72
6591 75
8270 72
2025 75
607|20
891 73
1610 80
448 74
3147 85
1094 72
1307 80
592 73
204 64
1552 67
527 86
3476 75
296 87
2313 77
3440 63
423 70
1518 72
2118 77
2193 75
380 73
2028 85
608|20
52245 60
2997 73
3793 68
2763 66
174 59
2000 68
1214 72
919 70
2700 70
4161 61
5146 61
1639 66
541 75
473 58
2529 70
522 64
4343 59
1909 62
2431 62
1220 68
609|8
296 79
833 59
356 78
339 65
454 68
318 83
208 56
292 64
610|20
5953 73
58975 73
70206 73
78626 73
82765 73
97988 73
107447 73
107462 73
110591 73
110746 73
118082 73
139655 73
160341 73
86644 69
56801 69
61024 77
77561 74
4816 74
62434 75
3972 78
